CC_NuTauBar
logEreco = [0.80 - 0.92], cosZreco = [-1.00_-0.88]
cos(zenith)	log10(E/GeV)	Aeff (m^2)
[-0.995,-0.990]	[0.969,0.975]	8.345e-07
[-0.985,-0.980]	[1.196,1.202]	2.741e-06
[-0.966,-0.961]	[0.956,0.963]	7.782e-07
[-0.966,-0.961]	[1.373,1.379]	6.781e-06
[-0.941,-0.937]	[1.505,1.512]	1.486e-05
[-0.898,-0.893]	[1.209,1.215]	2.970e-06
[-0.868,-0.863]	[0.893,0.900]	6.080e-07
[-0.805,-0.800]	[1.461,1.467]	1.057e-05
[-0.800,-0.795]	[1.669,1.675]	6.041e-05
[-0.702,-0.698]	[1.007,1.013]	1.051e-06
[-0.600,-0.595]	[0.956,0.963]	7.873e-07
[-0.580,-0.576]	[0.944,0.950]	7.431e-07
[-0.532,-0.527]	[1.303,1.310]	4.829e-06
[-0.522,-0.517]	[1.316,1.322]	5.098e-06
[-0.468,-0.463]	[0.975,0.982]	8.647e-07
[-0.434,-0.429]	[1.089,1.095]	1.591e-06
[-0.302,-0.298]	[1.032,1.038]	1.156e-06
[-0.249,-0.244]	[0.994,1.001]	9.150e-07
[-0.185,-0.180]	[0.963,0.969]	8.051e-07

logEreco = [0.92 - 1.04], cosZreco = [-1.00_-0.88]
cos(zenith)	log10(E/GeV)	Aeff (m^2)
[-0.990,-0.985]	[1.177,1.184]	2.531e-06
[-0.980,-0.976]	[1.076,1.083]	1.446e-06
[-0.976,-0.971]	[1.127,1.133]	1.923e-06
[-0.976,-0.971]	[1.234,1.240]	3.428e-06
[-0.971,-0.966]	[1.253,1.259]	3.796e-06
[-0.932,-0.927]	[1.165,1.171]	2.388e-06
[-0.898,-0.893]	[1.366,1.373]	6.718e-06
[-0.863,-0.859]	[1.461,1.467]	1.091e-05
[-0.824,-0.820]	[1.127,1.133]	1.887e-06
[-0.795,-0.790]	[1.133,1.139]	2.038e-06
[-0.771,-0.766]	[1.461,1.467]	1.101e-05
[-0.761,-0.756]	[1.461,1.467]	1.092e-05
[-0.746,-0.741]	[1.619,1.625]	3.836e-05
[-0.707,-0.702]	[1.291,1.297]	4.431e-06
[-0.654,-0.649]	[1.108,1.114]	1.704e-06
[-0.654,-0.649]	[1.360,1.366]	6.365e-06
[-0.644,-0.639]	[1.329,1.335]	5.583e-06
[-0.610,-0.605]	[1.083,1.089]	1.499e-06
[-0.610,-0.605]	[1.329,1.335]	5.558e-06
[-0.576,-0.571]	[1.070,1.076]	1.419e-06
[-0.537,-0.532]	[1.329,1.335]	5.477e-06
[-0.483,-0.478]	[1.524,1.530]	1.815e-05
[-0.410,-0.405]	[1.329,1.335]	5.427e-06
[-0.332,-0.327]	[1.505,1.512]	1.460e-05
[-0.302,-0.298]	[1.524,1.530]	1.868e-05
[-0.215,-0.210]	[1.045,1.051]	1.273e-06
[-0.005,0.000]	[1.619,1.625]	3.921e-05

logEreco = [1.04 - 1.16], cosZreco = [-1.00_-0.88]
cos(zenith)	log10(E/GeV)	Aeff (m^2)
[-0.990,-0.985]	[1.032,1.038]	1.192e-06
[-0.990,-0.985]	[1.152,1.158]	2.213e-06
[-0.990,-0.985]	[1.398,1.404]	7.801e-06
[-0.980,-0.976]	[1.310,1.316]	5.010e-06
[-0.980,-0.976]	[1.366,1.373]	6.692e-06
[-0.976,-0.971]	[1.537,1.543]	1.993e-05
[-0.976,-0.971]	[1.587,1.593]	2.871e-05
[-0.971,-0.966]	[1.322,1.329]	5.182e-06
[-0.971,-0.966]	[1.366,1.373]	6.770e-06
[-0.966,-0.961]	[1.171,1.177]	2.422e-06
[-0.966,-0.961]	[1.234,1.240]	3.302e-06
[-0.966,-0.961]	[1.430,1.436]	9.240e-06
[-0.966,-0.961]	[1.701,1.707]	7.927e-05
[-0.961,-0.956]	[1.568,1.575]	2.616e-05
[-0.951,-0.946]	[1.455,1.461]	1.028e-05
[-0.941,-0.937]	[1.575,1.581]	2.699e-05
[-0.937,-0.932]	[1.486,1.493]	1.290e-05
[-0.937,-0.932]	[1.688,1.694]	6.656e-05
[-0.927,-0.922]	[1.436,1.442]	9.594e-06
[-0.917,-0.912]	[1.247,1.253]	3.523e-06
[-0.907,-0.902]	[1.184,1.190]	2.602e-06
[-0.902,-0.898]	[1.663,1.669]	5.324e-05
[-0.898,-0.893]	[1.442,1.448]	9.897e-06
[-0.893,-0.888]	[1.392,1.398]	7.436e-06
[-0.888,-0.883]	[1.726,1.732]	9.884e-05
[-0.849,-0.844]	[1.209,1.215]	2.897e-06
[-0.849,-0.844]	[1.411,1.417]	8.449e-06
[-0.839,-0.834]	[1.385,1.392]	7.434e-06
[-0.805,-0.800]	[1.385,1.392]	7.320e-06
[-0.795,-0.790]	[1.057,1.064]	1.373e-06
[-0.790,-0.785]	[1.102,1.108]	1.649e-06
[-0.776,-0.771]	[1.373,1.379]	6.709e-06
[-0.766,-0.761]	[1.215,1.221]	3.022e-06
[-0.741,-0.737]	[1.474,1.480]	1.145e-05
[-0.712,-0.707]	[0.956,0.963]	7.762e-07
[-0.649,-0.644]	[1.051,1.057]	1.322e-06
[-0.634,-0.629]	[1.518,1.524]	1.548e-05
[-0.566,-0.561]	[1.291,1.297]	4.538e-06
[-0.566,-0.561]	[1.411,1.417]	8.389e-06
[-0.507,-0.502]	[1.215,1.221]	3.027e-06
[-0.473,-0.468]	[1.423,1.430]	9.043e-06
[-0.439,-0.434]	[1.430,1.436]	9.074e-06
[-0.429,-0.424]	[1.467,1.474]	1.104e-05
[-0.420,-0.415]	[1.152,1.158]	2.243e-06
[-0.332,-0.327]	[1.240,1.247]	3.407e-06
[-0.307,-0.302]	[1.783,1.789]	1.568e-04
[-0.302,-0.298]	[1.524,1.530]	1.851e-05
[-0.249,-0.244]	[1.240,1.247]	3.529e-06
[-0.215,-0.210]	[1.417,1.423]	8.751e-06
[-0.176,-0.171]	[1.663,1.669]	5.474e-05
[-0.034,-0.029]	[0.994,1.001]	9.304e-07
[0.468,0.473]	[1.411,1.417]	8.271e-06
[0.478,0.483]	[1.663,1.669]	5.390e-05

logEreco = [1.16 - 1.27], cosZreco = [-1.00_-0.88]
cos(zenith)	log10(E/GeV)	Aeff (m^2)
[-1.000,-0.995]	[1.341,1.348]	5.925e-06
[-1.000,-0.995]	[1.467,1.474]	1.100e-05
[-0.990,-0.985]	[1.133,1.139]	2.038e-06
[-0.990,-0.985]	[1.228,1.234]	3.320e-06
[-0.976,-0.971]	[1.228,1.234]	3.287e-06
[-0.966,-0.961]	[1.202,1.209]	2.783e-06
[-0.966,-0.961]	[1.234,1.240]	3.385e-06
[-0.966,-0.961]	[1.625,1.631]	3.999e-05
[-0.956,-0.951]	[1.467,1.474]	1.109e-05
[-0.951,-0.946]	[1.266,1.272]	3.979e-06
[-0.946,-0.941]	[1.417,1.423]	8.429e-06
[-0.941,-0.937]	[1.284,1.291]	4.432e-06
[-0.941,-0.937]	[1.707,1.713]	8.040e-05
[-0.937,-0.932]	[1.303,1.310]	4.817e-06
[-0.922,-0.917]	[1.398,1.404]	7.676e-06
[-0.917,-0.912]	[1.348,1.354]	6.153e-06
[-0.917,-0.912]	[1.423,1.430]	8.869e-06
[-0.912,-0.907]	[1.600,1.606]	3.439e-05
[-0.902,-0.898]	[1.537,1.543]	1.995e-05
[-0.888,-0.883]	[1.335,1.341]	5.588e-06
[-0.859,-0.854]	[1.335,1.341]	5.743e-06
[-0.849,-0.844]	[1.076,1.083]	1.449e-06
[-0.844,-0.839]	[1.335,1.341]	5.758e-06
[-0.829,-0.824]	[1.051,1.057]	1.262e-06
[-0.829,-0.824]	[1.095,1.102]	1.589e-06
[-0.805,-0.800]	[1.556,1.562]	2.168e-05
[-0.800,-0.795]	[1.404,1.411]	8.062e-06
[-0.790,-0.785]	[1.430,1.436]	9.026e-06
[-0.785,-0.780]	[1.423,1.430]	8.861e-06
[-0.785,-0.780]	[1.448,1.455]	9.952e-06
[-0.776,-0.771]	[1.587,1.593]	2.876e-05
[-0.771,-0.766]	[1.612,1.619]	3.750e-05
[-0.707,-0.702]	[1.373,1.379]	6.963e-06
[-0.678,-0.673]	[1.707,1.713]	8.019e-05
[-0.663,-0.659]	[1.114,1.120]	1.800e-06
[-0.620,-0.615]	[1.442,1.448]	9.655e-06
[-0.605,-0.600]	[1.707,1.713]	8.065e-05
[-0.571,-0.566]	[1.335,1.341]	5.668e-06
[-0.551,-0.546]	[1.638,1.644]	4.602e-05
[-0.546,-0.541]	[1.486,1.493]	1.294e-05
[-0.541,-0.537]	[1.398,1.404]	7.616e-06
[-0.532,-0.527]	[1.612,1.619]	3.769e-05
[-0.507,-0.502]	[1.631,1.638]	4.618e-05
[-0.502,-0.498]	[1.221,1.228]	3.184e-06
[-0.498,-0.493]	[1.537,1.543]	1.966e-05
[-0.439,-0.434]	[1.839,1.846]	2.369e-04
[-0.205,-0.200]	[1.505,1.512]	1.468e-05
[-0.200,-0.195]	[1.284,1.291]	4.376e-06
[-0.073,-0.068]	[1.316,1.322]	5.144e-06
[-0.015,-0.010]	[1.474,1.480]	1.252e-05
[0.327,0.332]	[1.682,1.688]	6.606e-05
[0.429,0.434]	[1.379,1.385]	7.241e-06

logEreco = [1.27 - 1.39], cosZreco = [-1.00_-0.88]
cos(zenith)	log10(E/GeV)	Aeff (m^2)
[-1.000,-0.995]	[1.360,1.366]	6.503e-06
[-0.995,-0.990]	[1.537,1.543]	2.001e-05
[-0.990,-0.985]	[1.739,1.745]	1.053e-04
[-0.985,-0.980]	[1.360,1.366]	6.587e-06
[-0.985,-0.980]	[1.568,1.575]	2.662e-05
[-0.980,-0.976]	[1.682,1.688]	6.426e-05
[-0.976,-0.971]	[1.644,1.650]	4.747e-05
[-0.971,-0.966]	[1.745,1.751]	1.093e-04
[-0.971,-0.966]	[1.865,1.871]	3.002e-04
[-0.961,-0.956]	[1.448,1.455]	1.029e-05
[-0.946,-0.941]	[1.297,1.303]	4.658e-06
[-0.946,-0.941]	[1.549,1.556]	2.068e-05
[-0.941,-0.937]	[1.909,1.915]	4.440e-04
[-0.927,-0.922]	[0.925,0.931]	6.824e-07
[-0.912,-0.907]	[1.322,1.329]	5.238e-06
[-0.912,-0.907]	[1.474,1.480]	1.250e-05
[-0.873,-0.868]	[1.568,1.575]	2.636e-05
[-0.854,-0.849]	[1.417,1.423]	8.631e-06
[-0.839,-0.834]	[1.202,1.209]	2.925e-06
[-0.824,-0.820]	[1.631,1.638]	4.607e-05
[-0.824,-0.820]	[1.839,1.846]	2.404e-04
[-0.790,-0.785]	[1.694,1.701]	6.951e-05
[-0.771,-0.766]	[1.366,1.373]	6.531e-06
[-0.766,-0.761]	[1.568,1.575]	2.555e-05
[-0.756,-0.751]	[1.026,1.032]	1.153e-06
[-0.707,-0.702]	[1.745,1.751]	1.066e-04
[-0.668,-0.663]	[1.474,1.480]	1.251e-05
[-0.629,-0.624]	[1.335,1.341]	5.739e-06
[-0.576,-0.571]	[1.562,1.568]	2.509e-05
[-0.434,-0.429]	[1.600,1.606]	3.502e-05
[-0.356,-0.351]	[1.455,1.461]	1.061e-05
[-0.220,-0.215]	[1.720,1.726]	8.780e-05
[-0.112,-0.107]	[1.341,1.348]	5.805e-06
[0.117,0.122]	[1.537,1.543]	1.936e-05

logEreco = [1.39 - 1.51], cosZreco = [-1.00_-0.88]
cos(zenith)	log10(E/GeV)	Aeff (m^2)
[-1.000,-0.995]	[1.764,1.770]	1.326e-04
[-0.990,-0.985]	[1.221,1.228]	3.213e-06
[-0.980,-0.976]	[1.783,1.789]	1.538e-04
[-0.976,-0.971]	[1.493,1.499]	1.328e-05
[-0.971,-0.966]	[1.329,1.335]	5.423e-06
[-0.971,-0.966]	[1.795,1.802]	1.791e-04
[-0.946,-0.941]	[1.593,1.600]	2.988e-05
[-0.941,-0.937]	[1.631,1.638]	4.604e-05
[-0.941,-0.937]	[1.739,1.745]	1.066e-04
[-0.917,-0.912]	[1.764,1.770]	1.322e-04
[-0.912,-0.907]	[1.587,1.593]	2.934e-05
[-0.902,-0.898]	[1.512,1.518]	1.512e-05
[-0.893,-0.888]	[1.543,1.549]	2.082e-05
[-0.849,-0.844]	[1.417,1.423]	8.573e-06
[-0.834,-0.829]	[1.480,1.486]	1.291e-05
[-0.834,-0.829]	[1.745,1.751]	1.082e-04
[-0.829,-0.824]	[1.448,1.455]	9.933e-06
[-0.824,-0.820]	[1.865,1.871]	3.067e-04
[-0.790,-0.785]	[1.436,1.442]	9.371e-06
[-0.732,-0.727]	[1.839,1.846]	2.398e-04
[-0.620,-0.615]	[1.997,2.003]	9.271e-04
[-0.561,-0.556]	[1.467,1.474]	1.116e-05
[-0.366,-0.361]	[1.581,1.587]	2.783e-05
[-0.239,-0.234]	[1.745,1.751]	1.099e-04
[-0.044,-0.039]	[1.764,1.770]	1.329e-04
[0.273,0.278]	[1.524,1.530]	1.847e-05

logEreco = [1.51 - 1.63], cosZreco = [-1.00_-0.88]
cos(zenith)	log10(E/GeV)	Aeff (m^2)
[-1.000,-0.995]	[1.808,1.814]	1.845e-04
[-0.985,-0.980]	[1.657,1.663]	5.328e-05
[-0.976,-0.971]	[1.915,1.921]	4.552e-04
[-0.966,-0.961]	[1.631,1.638]	4.567e-05
[-0.961,-0.956]	[1.795,1.802]	1.627e-04
[-0.849,-0.844]	[1.675,1.682]	6.374e-05
[-0.820,-0.815]	[1.675,1.682]	6.243e-05
[-0.785,-0.780]	[1.858,1.865]	2.763e-04
[-0.746,-0.741]	[1.877,1.884]	3.366e-04
[-0.707,-0.702]	[1.871,1.877]	3.217e-04
[-0.610,-0.605]	[1.593,1.600]	3.002e-05
[-0.498,-0.493]	[1.593,1.600]	3.004e-05
[-0.498,-0.493]	[1.783,1.789]	1.535e-04
[-0.478,-0.473]	[1.600,1.606]	3.502e-05
[-0.439,-0.434]	[1.896,1.903]	4.147e-04
[-0.366,-0.361]	[1.707,1.713]	8.361e-05
[-0.332,-0.327]	[1.568,1.575]	2.611e-05

logEreco = [1.63 - 1.75], cosZreco = [-1.00_-0.88]
cos(zenith)	log10(E/GeV)	Aeff (m^2)
[-0.961,-0.956]	[1.694,1.701]	6.879e-05
[-0.956,-0.951]	[1.783,1.789]	1.536e-04
[-0.956,-0.951]	[2.098,2.104]	2.039e-03
[-0.946,-0.941]	[2.205,2.212]	5.027e-03
[-0.932,-0.927]	[1.619,1.625]	3.878e-05
[-0.932,-0.927]	[1.953,1.959]	6.566e-04
[-0.922,-0.917]	[1.650,1.657]	5.082e-05
[-0.907,-0.902]	[1.713,1.720]	8.569e-05
[-0.849,-0.844]	[1.745,1.751]	1.067e-04
[-0.620,-0.615]	[1.537,1.543]	1.944e-05
[-0.551,-0.546]	[1.631,1.638]	4.107e-05

logEreco = [0.80 - 0.92], cosZreco = [-0.88_-0.75]
cos(zenith)	log10(E/GeV)	Aeff (m^2)
[-0.980,-0.976]	[0.969,0.975]	8.180e-07
[-0.956,-0.951]	[1.171,1.177]	2.372e-06
[-0.951,-0.946]	[1.404,1.411]	7.975e-06
[-0.917,-0.912]	[1.524,1.530]	1.847e-05
[-0.893,-0.888]	[1.373,1.379]	6.802e-06
[-0.844,-0.839]	[1.385,1.392]	7.158e-06
[-0.800,-0.795]	[0.881,0.887]	5.651e-07
[-0.795,-0.790]	[1.417,1.423]	8.645e-06
[-0.776,-0.771]	[1.297,1.303]	4.599e-06
[-0.746,-0.741]	[1.020,1.026]	1.081e-06
[-0.746,-0.741]	[1.108,1.114]	1.740e-06
[-0.712,-0.707]	[1.303,1.310]	4.823e-06
[-0.698,-0.693]	[1.562,1.568]	2.558e-05
[-0.678,-0.673]	[1.240,1.247]	3.448e-06
[-0.654,-0.649]	[1.348,1.354]	6.103e-06
[-0.610,-0.605]	[0.862,0.868]	5.224e-07
[-0.566,-0.561]	[1.316,1.322]	5.143e-06
[-0.512,-0.507]	[1.310,1.316]	4.858e-06
[-0.507,-0.502]	[1.549,1.556]	2.155e-05
[-0.478,-0.473]	[1.417,1.423]	8.635e-06
[-0.459,-0.454]	[1.007,1.013]	1.020e-06
[-0.385,-0.380]	[1.310,1.316]	4.892e-06
[-0.366,-0.361]	[1.266,1.272]	4.030e-06
[-0.151,-0.146]	[1.240,1.247]	3.527e-06
[-0.063,-0.059]	[1.366,1.373]	6.591e-06
[0.059,0.063]	[1.322,1.329]	5.327e-06
[0.254,0.259]	[1.215,1.221]	3.097e-06

logEreco = [0.92 - 1.04], cosZreco = [-0.88_-0.75]
cos(zenith)	log10(E/GeV)	Aeff (m^2)
[-0.976,-0.971]	[1.442,1.448]	9.564e-06
[-0.976,-0.971]	[1.600,1.606]	3.512e-05
[-0.961,-0.956]	[1.341,1.348]	5.822e-06
[-0.956,-0.951]	[1.165,1.171]	2.351e-06
[-0.951,-0.946]	[1.057,1.064]	1.312e-06
[-0.873,-0.868]	[1.171,1.177]	2.413e-06
[-0.873,-0.868]	[1.524,1.530]	1.808e-05
[-0.854,-0.849]	[1.360,1.366]	6.330e-06
[-0.844,-0.839]	[0.982,0.988]	8.701e-07
[-0.800,-0.795]	[0.975,0.982]	8.577e-07
[-0.751,-0.746]	[1.064,1.070]	1.376e-06
[-0.751,-0.746]	[1.202,1.209]	2.871e-06
[-0.732,-0.727]	[1.120,1.127]	1.869e-06
[-0.722,-0.717]	[0.900,0.906]	6.275e-07
[-0.722,-0.717]	[1.184,1.190]	2.654e-06
[-0.722,-0.717]	[1.341,1.348]	5.762e-06
[-0.663,-0.659]	[1.177,1.184]	2.546e-06
[-0.654,-0.649]	[1.322,1.329]	5.183e-06
[-0.634,-0.629]	[1.228,1.234]	3.320e-06
[-0.580,-0.576]	[1.152,1.158]	2.245e-06
[-0.576,-0.571]	[1.165,1.171]	2.397e-06
[-0.522,-0.517]	[1.366,1.373]	6.515e-06
[-0.463,-0.459]	[1.266,1.272]	3.858e-06
[-0.429,-0.424]	[1.133,1.139]	2.043e-06
[-0.429,-0.424]	[1.612,1.619]	3.702e-05
[-0.346,-0.341]	[1.234,1.240]	3.371e-06
[-0.312,-0.307]	[1.297,1.303]	4.738e-06
[-0.151,-0.146]	[1.524,1.530]	1.824e-05
[-0.083,-0.078]	[1.089,1.095]	1.606e-06
[-0.039,-0.034]	[1.303,1.310]	4.915e-06
[0.073,0.078]	[1.095,1.102]	1.669e-06
[0.234,0.239]	[1.221,1.228]	3.095e-06
[0.756,0.761]	[1.486,1.493]	1.285e-05

logEreco = [1.04 - 1.16], cosZreco = [-0.88_-0.75]
cos(zenith)	log10(E/GeV)	Aeff (m^2)
[-0.995,-0.990]	[1.322,1.329]	5.248e-06
[-0.985,-0.980]	[1.436,1.442]	9.436e-06
[-0.966,-0.961]	[1.631,1.638]	4.619e-05
[-0.951,-0.946]	[1.499,1.505]	1.448e-05
[-0.922,-0.917]	[1.392,1.398]	7.534e-06
[-0.912,-0.907]	[1.165,1.171]	2.396e-06
[-0.912,-0.907]	[1.240,1.247]	3.411e-06
[-0.912,-0.907]	[1.802,1.808]	1.794e-04
[-0.898,-0.893]	[1.524,1.530]	1.848e-05
[-0.878,-0.873]	[1.146,1.152]	2.088e-06
[-0.863,-0.859]	[1.070,1.076]	1.431e-06
[-0.800,-0.795]	[1.442,1.448]	9.740e-06
[-0.780,-0.776]	[1.461,1.467]	1.066e-05
[-0.771,-0.766]	[1.013,1.020]	1.043e-06
[-0.727,-0.722]	[1.436,1.442]	9.596e-06
[-0.712,-0.707]	[1.461,1.467]	1.095e-05
[-0.707,-0.702]	[1.184,1.190]	2.545e-06
[-0.698,-0.693]	[1.474,1.480]	1.240e-05
[-0.688,-0.683]	[1.739,1.745]	1.050e-04
[-0.615,-0.610]	[1.133,1.139]	1.953e-06
[-0.615,-0.610]	[1.448,1.455]	9.987e-06
[-0.585,-0.580]	[1.354,1.360]	6.230e-06
[-0.507,-0.502]	[1.038,1.045]	1.223e-06
[-0.468,-0.463]	[1.499,1.505]	1.420e-05
[-0.449,-0.444]	[1.089,1.095]	1.600e-06
[-0.444,-0.439]	[1.322,1.329]	5.309e-06
[-0.283,-0.278]	[1.562,1.568]	2.234e-05
[-0.195,-0.190]	[1.366,1.373]	6.529e-06
[0.063,0.068]	[1.612,1.619]	3.673e-05

logEreco = [1.16 - 1.27], cosZreco = [-0.88_-0.75]
cos(zenith)	log10(E/GeV)	Aeff (m^2)
[-0.971,-0.966]	[1.373,1.379]	6.957e-06
[-0.966,-0.961]	[1.720,1.726]	8.588e-05
[-0.961,-0.956]	[1.556,1.562]	2.221e-05
[-0.961,-0.956]	[1.593,1.600]	3.070e-05
[-0.922,-0.917]	[1.411,1.417]	8.273e-06
[-0.917,-0.912]	[1.278,1.284]	4.220e-06
[-0.893,-0.888]	[1.587,1.593]	2.894e-05
[-0.888,-0.883]	[1.852,1.858]	2.790e-04
[-0.873,-0.868]	[1.631,1.638]	4.130e-05
[-0.868,-0.863]	[1.593,1.600]	3.022e-05
[-0.863,-0.859]	[1.430,1.436]	9.036e-06
[-0.849,-0.844]	[1.089,1.095]	1.612e-06
[-0.834,-0.829]	[1.284,1.291]	4.414e-06
[-0.805,-0.800]	[1.442,1.448]	9.956e-06
[-0.795,-0.790]	[1.184,1.190]	2.601e-06
[-0.785,-0.780]	[0.887,0.893]	5.818e-07
[-0.771,-0.766]	[1.568,1.575]	2.590e-05
[-0.751,-0.746]	[1.467,1.474]	1.101e-05
[-0.737,-0.732]	[1.499,1.505]	1.437e-05
[-0.702,-0.698]	[1.322,1.329]	5.335e-06
[-0.668,-0.663]	[1.442,1.448]	9.767e-06
[-0.644,-0.639]	[1.354,1.360]	6.331e-06
[-0.634,-0.629]	[1.266,1.272]	3.975e-06
[-0.620,-0.615]	[0.994,1.001]	9.199e-07
[-0.615,-0.610]	[1.486,1.493]	1.325e-05
[-0.566,-0.561]	[1.600,1.606]	3.412e-05
[-0.556,-0.551]	[1.385,1.392]	7.309e-06
[-0.527,-0.522]	[1.379,1.385]	7.243e-06
[-0.502,-0.498]	[1.215,1.221]	2.985e-06
[-0.488,-0.483]	[1.556,1.562]	2.193e-05
[-0.483,-0.478]	[1.417,1.423]	8.643e-06
[-0.473,-0.468]	[1.625,1.631]	4.016e-05
[-0.439,-0.434]	[1.846,1.852]	2.574e-04
[-0.400,-0.395]	[1.543,1.549]	2.072e-05
[-0.371,-0.366]	[1.329,1.335]	5.463e-06
[-0.356,-0.351]	[1.253,1.259]	3.756e-06
[-0.298,-0.293]	[1.221,1.228]	3.099e-06
[-0.293,-0.288]	[1.802,1.808]	1.833e-04
[-0.268,-0.263]	[1.499,1.505]	1.430e-05
[-0.102,-0.098]	[1.467,1.474]	1.133e-05
[-0.044,-0.039]	[1.215,1.221]	3.109e-06
[-0.034,-0.029]	[1.221,1.228]	3.224e-06
[-0.034,-0.029]	[1.297,1.303]	4.681e-06
[-0.015,-0.010]	[1.903,1.909]	4.311e-04
[0.117,0.122]	[1.505,1.512]	1.494e-05
[0.298,0.302]	[1.366,1.373]	6.671e-06
[0.439,0.444]	[1.745,1.751]	1.081e-04

logEreco = [1.27 - 1.39], cosZreco = [-0.88_-0.75]
cos(zenith)	log10(E/GeV)	Aeff (m^2)
[-0.985,-0.980]	[1.556,1.562]	2.165e-05
[-0.971,-0.966]	[1.398,1.404]	7.697e-06
[-0.971,-0.966]	[1.505,1.512]	1.461e-05
[-0.971,-0.966]	[1.839,1.846]	2.416e-04
[-0.961,-0.956]	[1.461,1.467]	1.055e-05
[-0.932,-0.927]	[1.631,1.638]	4.606e-05
[-0.922,-0.917]	[1.284,1.291]	4.452e-06
[-0.922,-0.917]	[1.379,1.385]	6.959e-06
[-0.898,-0.893]	[1.291,1.297]	4.601e-06
[-0.873,-0.868]	[1.221,1.228]	3.158e-06
[-0.873,-0.868]	[1.505,1.512]	1.451e-05
[-0.873,-0.868]	[1.524,1.530]	1.833e-05
[-0.859,-0.854]	[1.392,1.398]	7.723e-06
[-0.854,-0.849]	[1.373,1.379]	6.972e-06
[-0.834,-0.829]	[1.827,1.833]	2.243e-04
[-0.820,-0.815]	[1.650,1.657]	5.031e-05
[-0.771,-0.766]	[1.240,1.247]	3.403e-06
[-0.756,-0.751]	[1.865,1.871]	3.125e-04
[-0.737,-0.732]	[1.499,1.505]	1.406e-05
[-0.712,-0.707]	[2.010,2.016]	1.046e-03
[-0.668,-0.663]	[1.398,1.404]	7.960e-06
[-0.654,-0.649]	[1.430,1.436]	9.042e-06
[-0.615,-0.610]	[1.417,1.423]	8.476e-06
[-0.580,-0.576]	[1.764,1.770]	1.328e-04
[-0.517,-0.512]	[1.587,1.593]	2.986e-05
[-0.507,-0.502]	[1.442,1.448]	9.883e-06
[-0.502,-0.498]	[1.373,1.379]	6.875e-06
[-0.444,-0.439]	[1.966,1.972]	6.818e-04
[-0.390,-0.385]	[1.373,1.379]	6.873e-06
[-0.376,-0.371]	[1.852,1.858]	2.789e-04
[-0.356,-0.351]	[1.335,1.341]	5.642e-06
[-0.341,-0.337]	[1.827,1.833]	2.233e-04
[-0.302,-0.298]	[1.587,1.593]	2.934e-05
[-0.249,-0.244]	[1.619,1.625]	3.946e-05
[-0.195,-0.190]	[1.720,1.726]	8.839e-05
[-0.176,-0.171]	[1.505,1.512]	1.477e-05
[-0.161,-0.156]	[1.512,1.518]	1.525e-05
[-0.010,-0.005]	[1.373,1.379]	6.895e-06
[0.302,0.307]	[1.411,1.417]	8.277e-06
[0.376,0.380]	[1.808,1.814]	1.905e-04
[0.498,0.502]	[1.675,1.682]	6.418e-05
[0.512,0.517]	[1.562,1.568]	2.224e-05

logEreco = [1.39 - 1.51], cosZreco = [-0.88_-0.75]
cos(zenith)	log10(E/GeV)	Aeff (m^2)
[-0.995,-0.990]	[1.688,1.694]	6.786e-05
[-0.961,-0.956]	[1.839,1.846]	2.415e-04
[-0.937,-0.932]	[1.789,1.795]	1.562e-04
[-0.932,-0.927]	[1.486,1.493]	1.317e-05
[-0.917,-0.912]	[1.341,1.348]	5.919e-06
[-0.883,-0.878]	[1.940,1.947]	5.638e-04
[-0.863,-0.859]	[1.846,1.852]	2.661e-04
[-0.849,-0.844]	[1.486,1.493]	1.307e-05
[-0.844,-0.839]	[1.972,1.978]	7.620e-04
[-0.761,-0.756]	[1.644,1.650]	4.865e-05
[-0.756,-0.751]	[1.524,1.530]	1.821e-05
[-0.702,-0.698]	[1.467,1.474]	1.110e-05
[-0.639,-0.634]	[1.480,1.486]	1.296e-05
[-0.639,-0.634]	[1.631,1.638]	4.069e-05
[-0.620,-0.615]	[1.272,1.278]	4.139e-06
[-0.527,-0.522]	[1.379,1.385]	7.144e-06
[-0.527,-0.522]	[1.638,1.644]	4.631e-05
[-0.507,-0.502]	[1.650,1.657]	5.120e-05
[-0.488,-0.483]	[1.789,1.795]	1.625e-04
[-0.454,-0.449]	[1.423,1.430]	9.052e-06
[-0.390,-0.385]	[1.657,1.663]	5.292e-05
[-0.307,-0.302]	[2.010,2.016]	1.045e-03
[-0.288,-0.283]	[1.827,1.833]	2.217e-04
[-0.239,-0.234]	[1.310,1.316]	4.919e-06
[-0.132,-0.127]	[1.549,1.556]	2.170e-05
[0.112,0.117]	[1.411,1.417]	8.187e-06
[0.702,0.707]	[1.751,1.757]	1.204e-04

logEreco = [1.51 - 1.63], cosZreco = [-0.88_-0.75]
cos(zenith)	log10(E/GeV)	Aeff (m^2)
[-0.990,-0.985]	[1.663,1.669]	5.464e-05
[-0.985,-0.980]	[1.663,1.669]	6.021e-05
[-0.980,-0.976]	[1.808,1.814]	1.889e-04
[-0.956,-0.951]	[2.010,2.016]	9.798e-04
[-0.927,-0.922]	[1.871,1.877]	3.224e-04
[-0.898,-0.893]	[1.411,1.417]	8.474e-06
[-0.888,-0.883]	[1.625,1.631]	3.953e-05
[-0.873,-0.868]	[1.909,1.915]	4.479e-04
[-0.859,-0.854]	[1.600,1.606]	3.064e-05
[-0.815,-0.810]	[1.663,1.669]	5.980e-05
[-0.800,-0.795]	[1.537,1.543]	1.982e-05
[-0.790,-0.785]	[1.783,1.789]	1.561e-04
[-0.776,-0.771]	[1.795,1.802]	1.801e-04
[-0.746,-0.741]	[1.808,1.814]	1.925e-04
[-0.707,-0.702]	[1.493,1.499]	1.338e-05
[-0.698,-0.693]	[1.644,1.650]	4.807e-05
[-0.683,-0.678]	[1.783,1.789]	1.562e-04
[-0.502,-0.498]	[2.067,2.073]	1.662e-03
[-0.488,-0.483]	[1.751,1.757]	1.104e-04
[-0.405,-0.400]	[1.871,1.877]	3.239e-04
[0.380,0.385]	[1.903,1.909]	4.243e-04

logEreco = [1.63 - 1.75], cosZreco = [-0.88_-0.75]
cos(zenith)	log10(E/GeV)	Aeff (m^2)
[-1.000,-0.995]	[1.556,1.562]	2.149e-05
[-1.000,-0.995]	[2.029,2.035]	1.214e-03
[-0.937,-0.932]	[1.909,1.915]	4.379e-04
[-0.932,-0.927]	[2.161,2.167]	3.465e-03
[-0.815,-0.810]	[1.985,1.991]	8.287e-04
[-0.771,-0.766]	[1.839,1.846]	2.594e-04
[-0.585,-0.580]	[1.732,1.739]	1.003e-04
[-0.444,-0.439]	[1.694,1.701]	7.018e-05
[-0.400,-0.395]	[1.991,1.997]	8.636e-04
[-0.229,-0.224]	[1.802,1.808]	1.833e-04
[-0.034,-0.029]	[1.839,1.846]	2.574e-04
[0.298,0.302]	[1.587,1.593]	2.849e-05

logEreco = [0.80 - 0.92], cosZreco = [-0.75_-0.62]
cos(zenith)	log10(E/GeV)	Aeff (m^2)
[-0.937,-0.932]	[0.811,0.818]	4.161e-07
[-0.800,-0.795]	[1.543,1.549]	2.059e-05
[-0.780,-0.776]	[1.259,1.266]	3.753e-06
[-0.668,-0.663]	[1.379,1.385]	7.149e-06
[-0.546,-0.541]	[1.070,1.076]	1.412e-06
[-0.522,-0.517]	[1.512,1.518]	1.492e-05
[-0.507,-0.502]	[1.316,1.322]	5.140e-06
[-0.346,-0.341]	[1.165,1.171]	2.303e-06
[-0.278,-0.273]	[1.575,1.581]	2.722e-05
[-0.259,-0.254]	[1.215,1.221]	3.083e-06
[-0.156,-0.151]	[1.165,1.171]	2.357e-06
[-0.093,-0.088]	[1.045,1.051]	1.239e-06
[-0.039,-0.034]	[1.430,1.436]	9.263e-06
[-0.024,-0.020]	[1.165,1.171]	2.384e-06
[0.024,0.029]	[1.474,1.480]	1.237e-05
[0.161,0.166]	[1.348,1.354]	6.003e-06
[0.307,0.312]	[1.070,1.076]	1.432e-06
[0.468,0.473]	[1.108,1.114]	1.731e-06

logEreco = [0.92 - 1.04], cosZreco = [-0.75_-0.62]
cos(zenith)	log10(E/GeV)	Aeff (m^2)
[-0.995,-0.990]	[1.341,1.348]	5.838e-06
[-0.971,-0.966]	[0.919,0.925]	6.678e-07
[-0.961,-0.956]	[1.493,1.499]	1.374e-05
[-0.893,-0.888]	[1.076,1.083]	1.468e-06
[-0.859,-0.854]	[1.076,1.083]	1.445e-06
[-0.771,-0.766]	[1.114,1.120]	1.774e-06
[-0.683,-0.678]	[1.259,1.266]	3.843e-06
[-0.649,-0.644]	[1.051,1.057]	1.291e-06
[-0.634,-0.629]	[1.272,1.278]	4.128e-06
[-0.610,-0.605]	[1.480,1.486]	1.267e-05
[-0.610,-0.605]	[1.562,1.568]	2.491e-05
[-0.556,-0.551]	[1.436,1.442]	9.323e-06
[-0.532,-0.527]	[1.366,1.373]	6.675e-06
[-0.512,-0.507]	[1.064,1.070]	1.397e-06
[-0.483,-0.478]	[1.007,1.013]	1.030e-06
[-0.390,-0.385]	[1.001,1.007]	9.999e-07
[-0.283,-0.278]	[1.373,1.379]	6.854e-06
[-0.278,-0.273]	[0.994,1.001]	9.149e-07
[-0.200,-0.195]	[1.259,1.266]	3.823e-06
[-0.146,-0.141]	[1.240,1.247]	3.516e-06
[-0.132,-0.127]	[1.284,1.291]	4.454e-06
[-0.073,-0.068]	[1.335,1.341]	5.648e-06
[0.083,0.088]	[0.931,0.938]	7.163e-07
[0.102,0.107]	[1.007,1.013]	1.013e-06
[0.102,0.107]	[1.051,1.057]	1.327e-06
[0.410,0.415]	[1.329,1.335]	5.388e-06
[0.537,0.541]	[1.341,1.348]	5.971e-06
[0.585,0.590]	[1.297,1.303]	4.751e-06

logEreco = [1.04 - 1.16], cosZreco = [-0.75_-0.62]
cos(zenith)	log10(E/GeV)	Aeff (m^2)
[-1.000,-0.995]	[1.606,1.612]	3.586e-05
[-0.956,-0.951]	[0.969,0.975]	8.382e-07
[-0.951,-0.946]	[1.392,1.398]	7.409e-06
[-0.932,-0.927]	[1.253,1.259]	3.692e-06
[-0.917,-0.912]	[1.518,1.524]	1.540e-05
[-0.898,-0.893]	[1.247,1.253]	3.669e-06
[-0.829,-0.824]	[1.316,1.322]	5.164e-06
[-0.820,-0.815]	[1.297,1.303]	4.694e-06
[-0.810,-0.805]	[1.354,1.360]	6.361e-06
[-0.780,-0.776]	[1.202,1.209]	2.867e-06
[-0.776,-0.771]	[1.165,1.171]	2.338e-06
[-0.776,-0.771]	[1.575,1.581]	2.772e-05
[-0.771,-0.766]	[1.284,1.291]	4.290e-06
[-0.756,-0.751]	[1.436,1.442]	9.571e-06
[-0.722,-0.717]	[1.291,1.297]	4.591e-06
[-0.717,-0.712]	[1.461,1.467]	1.058e-05
[-0.688,-0.683]	[1.600,1.606]	3.073e-05
[-0.644,-0.639]	[1.089,1.095]	1.597e-06
[-0.644,-0.639]	[1.297,1.303]	4.681e-06
[-0.639,-0.634]	[1.612,1.619]	3.778e-05
[-0.624,-0.620]	[1.165,1.171]	2.339e-06
[-0.615,-0.610]	[0.805,0.811]	4.036e-07
[-0.566,-0.561]	[1.322,1.329]	5.173e-06
[-0.527,-0.522]	[1.871,1.877]	3.120e-04
[-0.488,-0.483]	[1.795,1.802]	1.627e-04
[-0.478,-0.473]	[1.505,1.512]	1.466e-05
[-0.468,-0.463]	[1.057,1.064]	1.376e-06
[-0.463,-0.459]	[1.196,1.202]	2.812e-06
[-0.459,-0.454]	[1.221,1.228]	3.101e-06
[-0.449,-0.444]	[1.411,1.417]	8.187e-06
[-0.361,-0.356]	[1.247,1.253]	3.541e-06
[-0.317,-0.312]	[1.442,1.448]	9.870e-06
[-0.298,-0.293]	[1.020,1.026]	1.086e-06
[-0.263,-0.259]	[1.177,1.184]	2.480e-06
[-0.239,-0.234]	[1.266,1.272]	3.924e-06
[0.054,0.059]	[1.568,1.575]	2.593e-05
[0.180,0.185]	[1.190,1.196]	2.726e-06
[0.571,0.576]	[1.461,1.467]	1.082e-05
[0.595,0.600]	[1.272,1.278]	4.055e-06
[0.722,0.727]	[1.272,1.278]	4.117e-06

logEreco = [1.16 - 1.27], cosZreco = [-0.75_-0.62]
cos(zenith)	log10(E/GeV)	Aeff (m^2)
[-0.990,-0.985]	[1.404,1.411]	7.961e-06
[-0.941,-0.937]	[1.430,1.436]	9.016e-06
[-0.859,-0.854]	[1.486,1.493]	1.345e-05
[-0.834,-0.829]	[1.581,1.587]	2.853e-05
[-0.829,-0.824]	[1.512,1.518]	1.556e-05
[-0.824,-0.820]	[1.247,1.253]	3.539e-06
[-0.820,-0.815]	[1.417,1.423]	8.734e-06
[-0.795,-0.790]	[1.272,1.278]	4.000e-06
[-0.771,-0.766]	[1.392,1.398]	7.529e-06
[-0.761,-0.756]	[1.486,1.493]	1.288e-05
[-0.732,-0.727]	[1.530,1.537]	1.880e-05
[-0.732,-0.727]	[1.625,1.631]	3.954e-05
[-0.722,-0.717]	[1.266,1.272]	3.972e-06
[-0.722,-0.717]	[1.366,1.373]	6.610e-06
[-0.717,-0.712]	[1.675,1.682]	6.243e-05
[-0.698,-0.693]	[1.297,1.303]	4.663e-06
[-0.693,-0.688]	[1.455,1.461]	1.024e-05
[-0.678,-0.673]	[1.675,1.682]	6.324e-05
[-0.634,-0.629]	[1.373,1.379]	6.805e-06
[-0.624,-0.620]	[1.505,1.512]	1.439e-05
[-0.595,-0.590]	[1.455,1.461]	1.050e-05
[-0.537,-0.532]	[1.310,1.316]	4.857e-06
[-0.512,-0.507]	[1.530,1.537]	1.897e-05
[-0.478,-0.473]	[1.385,1.392]	7.441e-06
[-0.434,-0.429]	[1.486,1.493]	1.324e-05
[-0.395,-0.390]	[1.379,1.385]	7.157e-06
[-0.390,-0.385]	[1.284,1.291]	4.449e-06
[-0.371,-0.366]	[1.499,1.505]	1.395e-05
[-0.171,-0.166]	[1.739,1.745]	1.065e-04
[-0.132,-0.127]	[1.499,1.505]	1.438e-05
[0.015,0.020]	[1.310,1.316]	4.857e-06
[0.020,0.024]	[1.474,1.480]	1.133e-05
[0.034,0.039]	[1.524,1.530]	1.839e-05
[0.054,0.059]	[1.297,1.303]	4.688e-06
[0.112,0.117]	[1.341,1.348]	5.757e-06
[0.117,0.122]	[1.562,1.568]	2.558e-05
[0.132,0.137]	[1.512,1.518]	1.512e-05
[0.371,0.376]	[1.619,1.625]	3.924e-05
[0.468,0.473]	[1.448,1.455]	1.016e-05

logEreco = [1.27 - 1.39], cosZreco = [-0.75_-0.62]
cos(zenith)	log10(E/GeV)	Aeff (m^2)
[-0.985,-0.980]	[1.701,1.707]	7.824e-05
[-0.971,-0.966]	[1.240,1.247]	3.511e-06
[-0.956,-0.951]	[1.575,1.581]	2.695e-05
[-0.951,-0.946]	[1.600,1.606]	3.489e-05
[-0.917,-0.912]	[1.266,1.272]	4.025e-06
[-0.834,-0.829]	[1.638,1.644]	4.695e-05
[-0.815,-0.810]	[1.663,1.669]	5.381e-05
[-0.790,-0.785]	[1.524,1.530]	1.788e-05
[-0.780,-0.776]	[1.373,1.379]	6.896e-06
[-0.780,-0.776]	[1.776,1.783]	1.488e-04
[-0.756,-0.751]	[1.549,1.556]	2.122e-05
[-0.717,-0.712]	[1.543,1.549]	2.032e-05
[-0.683,-0.678]	[1.606,1.612]	3.575e-05
[-0.678,-0.673]	[1.455,1.461]	1.025e-05
[-0.673,-0.668]	[1.379,1.385]	7.212e-06
[-0.673,-0.668]	[1.593,1.600]	2.968e-05
[-0.634,-0.629]	[1.341,1.348]	5.723e-06
[-0.624,-0.620]	[1.341,1.348]	5.919e-06
[-0.483,-0.478]	[1.568,1.575]	2.681e-05
[-0.376,-0.371]	[1.575,1.581]	2.703e-05
[-0.293,-0.288]	[1.732,1.739]	1.020e-04
[-0.249,-0.244]	[1.316,1.322]	5.010e-06
[-0.220,-0.215]	[1.505,1.512]	1.430e-05
[-0.166,-0.161]	[1.606,1.612]	3.659e-05
[-0.102,-0.098]	[1.530,1.537]	1.894e-05

logEreco = [1.39 - 1.51], cosZreco = [-0.75_-0.62]
cos(zenith)	log10(E/GeV)	Aeff (m^2)
[-0.907,-0.902]	[1.411,1.417]	8.445e-06
[-0.902,-0.898]	[1.638,1.644]	4.713e-05
[-0.902,-0.898]	[1.852,1.858]	2.699e-04
[-0.859,-0.854]	[1.682,1.688]	6.545e-05
[-0.820,-0.815]	[1.505,1.512]	1.438e-05
[-0.820,-0.815]	[1.581,1.587]	2.783e-05
[-0.820,-0.815]	[1.701,1.707]	7.704e-05
[-0.810,-0.805]	[1.821,1.827]	2.208e-04
[-0.776,-0.771]	[1.512,1.518]	1.489e-05
[-0.732,-0.727]	[1.266,1.272]	3.919e-06
[-0.732,-0.727]	[1.757,1.764]	1.227e-04
[-0.722,-0.717]	[1.575,1.581]	2.723e-05
[-0.707,-0.702]	[1.650,1.657]	4.985e-05
[-0.698,-0.693]	[1.581,1.587]	2.829e-05
[-0.649,-0.644]	[1.430,1.436]	9.337e-06
[-0.546,-0.541]	[2.092,2.098]	2.031e-03
[-0.141,-0.137]	[1.530,1.537]	1.924e-05
[0.024,0.029]	[1.720,1.726]	8.805e-05
[0.200,0.205]	[1.833,1.839]	2.311e-04
[0.351,0.356]	[1.669,1.675]	6.073e-05
[0.356,0.361]	[1.505,1.512]	1.483e-05
[0.385,0.390]	[1.638,1.644]	4.708e-05
[0.420,0.424]	[1.789,1.795]	1.584e-04
[0.610,0.615]	[1.940,1.947]	5.619e-04

logEreco = [1.51 - 1.63], cosZreco = [-0.75_-0.62]
cos(zenith)	log10(E/GeV)	Aeff (m^2)
[-0.985,-0.980]	[1.739,1.745]	1.066e-04
[-0.980,-0.976]	[1.644,1.650]	4.928e-05
[-0.946,-0.941]	[1.871,1.877]	3.233e-04
[-0.927,-0.922]	[1.701,1.707]	7.760e-05
[-0.834,-0.829]	[1.612,1.619]	3.680e-05
[-0.834,-0.829]	[1.802,1.808]	1.860e-04
[-0.829,-0.824]	[1.619,1.625]	3.760e-05
[-0.820,-0.815]	[2.054,2.060]	1.455e-03
[-0.766,-0.761]	[1.549,1.556]	2.128e-05
[-0.761,-0.756]	[1.783,1.789]	1.510e-04
[-0.741,-0.737]	[1.682,1.688]	6.508e-05
[-0.610,-0.605]	[1.638,1.644]	4.761e-05
[-0.463,-0.459]	[1.915,1.921]	4.478e-04
[-0.439,-0.434]	[1.549,1.556]	2.168e-05
[-0.400,-0.395]	[1.985,1.991]	8.133e-04
[-0.288,-0.283]	[1.650,1.657]	5.114e-05
[-0.205,-0.200]	[1.795,1.802]	1.625e-04

logEreco = [1.63 - 1.75], cosZreco = [-0.75_-0.62]
cos(zenith)	log10(E/GeV)	Aeff (m^2)
[-0.985,-0.980]	[2.136,2.142]	2.854e-03
[-0.932,-0.927]	[2.016,2.022]	1.072e-03
[-0.854,-0.849]	[1.644,1.650]	4.927e-05
[-0.839,-0.834]	[2.016,2.022]	1.098e-03
[-0.824,-0.820]	[1.562,1.568]	2.545e-05
[-0.634,-0.629]	[1.865,1.871]	3.034e-04
[-0.361,-0.356]	[2.073,2.079]	1.671e-03
[-0.293,-0.288]	[1.896,1.903]	3.814e-04

logEreco = [0.80 - 0.92], cosZreco = [-0.62_-0.50]
cos(zenith)	log10(E/GeV)	Aeff (m^2)
[-0.907,-0.902]	[1.026,1.032]	1.169e-06
[-0.795,-0.790]	[1.158,1.165]	2.258e-06
[-0.795,-0.790]	[1.196,1.202]	2.709e-06
[-0.712,-0.707]	[1.026,1.032]	1.111e-06
[-0.595,-0.590]	[1.221,1.228]	3.123e-06
[-0.551,-0.546]	[1.020,1.026]	1.081e-06
[-0.498,-0.493]	[1.348,1.354]	6.082e-06
[-0.459,-0.454]	[1.442,1.448]	9.999e-06
[-0.385,-0.380]	[1.341,1.348]	5.898e-06
[-0.302,-0.298]	[1.020,1.026]	1.100e-06
[-0.176,-0.171]	[1.171,1.177]	2.368e-06

logEreco = [0.92 - 1.04], cosZreco = [-0.62_-0.50]
cos(zenith)	log10(E/GeV)	Aeff (m^2)
[-0.980,-0.976]	[1.152,1.158]	2.251e-06
[-0.976,-0.971]	[1.366,1.373]	6.533e-06
[-0.859,-0.854]	[1.120,1.127]	1.885e-06
[-0.805,-0.800]	[1.341,1.348]	5.816e-06
[-0.780,-0.776]	[1.190,1.196]	2.662e-06
[-0.771,-0.766]	[1.146,1.152]	2.173e-06
[-0.766,-0.761]	[1.348,1.354]	6.077e-06
[-0.620,-0.615]	[1.675,1.682]	6.326e-05
[-0.429,-0.424]	[1.455,1.461]	1.060e-05
[-0.171,-0.166]	[1.020,1.026]	1.094e-06
[-0.141,-0.137]	[1.291,1.297]	4.578e-06
[-0.034,-0.029]	[1.448,1.455]	1.006e-05
[-0.024,-0.020]	[1.612,1.619]	3.636e-05
[0.102,0.107]	[1.518,1.524]	1.802e-05
[0.117,0.122]	[1.228,1.234]	3.316e-06
[0.200,0.205]	[1.341,1.348]	5.846e-06
[0.278,0.283]	[1.253,1.259]	3.630e-06
[0.356,0.361]	[1.341,1.348]	5.738e-06

logEreco = [1.04 - 1.16], cosZreco = [-0.62_-0.50]
cos(zenith)	log10(E/GeV)	Aeff (m^2)
[-0.917,-0.912]	[1.190,1.196]	2.732e-06
[-0.912,-0.907]	[1.196,1.202]	2.803e-06
[-0.907,-0.902]	[1.196,1.202]	2.816e-06
[-0.868,-0.863]	[1.228,1.234]	3.200e-06
[-0.849,-0.844]	[1.423,1.430]	9.046e-06
[-0.844,-0.839]	[1.202,1.209]	2.866e-06
[-0.844,-0.839]	[1.360,1.366]	6.593e-06
[-0.820,-0.815]	[1.392,1.398]	7.599e-06
[-0.780,-0.776]	[1.228,1.234]	3.261e-06
[-0.746,-0.741]	[1.430,1.436]	9.266e-06
[-0.732,-0.727]	[1.549,1.556]	2.153e-05
[-0.673,-0.668]	[1.474,1.480]	1.147e-05
[-0.649,-0.644]	[1.404,1.411]	7.878e-06
[-0.634,-0.629]	[1.089,1.095]	1.604e-06
[-0.615,-0.610]	[1.808,1.814]	1.898e-04
[-0.595,-0.590]	[1.284,1.291]	4.340e-06
[-0.541,-0.537]	[1.329,1.335]	5.504e-06
[-0.478,-0.473]	[1.373,1.379]	6.707e-06
[-0.385,-0.380]	[1.196,1.202]	2.816e-06
[-0.356,-0.351]	[1.404,1.411]	7.897e-06
[-0.312,-0.307]	[1.392,1.398]	7.424e-06
[-0.298,-0.293]	[1.278,1.284]	4.149e-06
[-0.259,-0.254]	[1.543,1.549]	2.052e-05
[-0.215,-0.210]	[1.120,1.127]	1.867e-06
[-0.215,-0.210]	[1.720,1.726]	8.814e-05
[-0.146,-0.141]	[1.209,1.215]	2.974e-06
[-0.088,-0.083]	[1.335,1.341]	5.514e-06
[-0.073,-0.068]	[1.165,1.171]	2.357e-06
[-0.059,-0.054]	[1.240,1.247]	3.511e-06
[0.049,0.054]	[1.133,1.139]	2.005e-06
[0.117,0.122]	[1.247,1.253]	3.672e-06
[0.156,0.161]	[1.701,1.707]	7.798e-05
[0.298,0.302]	[1.606,1.612]	3.640e-05
[0.356,0.361]	[1.619,1.625]	3.876e-05
[0.732,0.737]	[1.461,1.467]	1.057e-05

logEreco = [1.16 - 1.27], cosZreco = [-0.62_-0.50]
cos(zenith)	log10(E/GeV)	Aeff (m^2)
[-0.995,-0.990]	[1.366,1.373]	6.761e-06
[-0.995,-0.990]	[1.858,1.865]	2.798e-04
[-0.985,-0.980]	[1.228,1.234]	3.304e-06
[-0.971,-0.966]	[1.165,1.171]	2.378e-06
[-0.932,-0.927]	[1.095,1.102]	1.659e-06
[-0.932,-0.927]	[1.461,1.467]	1.082e-05
[-0.844,-0.839]	[1.650,1.657]	4.973e-05
[-0.824,-0.820]	[1.209,1.215]	2.890e-06
[-0.805,-0.800]	[1.543,1.549]	2.041e-05
[-0.756,-0.751]	[1.720,1.726]	8.888e-05
[-0.727,-0.722]	[1.499,1.505]	1.401e-05
[-0.727,-0.722]	[1.556,1.562]	2.177e-05
[-0.707,-0.702]	[1.284,1.291]	4.281e-06
[-0.707,-0.702]	[1.512,1.518]	1.530e-05
[-0.693,-0.688]	[1.322,1.329]	5.330e-06
[-0.688,-0.683]	[1.480,1.486]	1.285e-05
[-0.668,-0.663]	[1.562,1.568]	2.487e-05
[-0.624,-0.620]	[1.202,1.209]	2.814e-06
[-0.624,-0.620]	[1.537,1.543]	1.986e-05
[-0.620,-0.615]	[1.360,1.366]	6.440e-06
[-0.620,-0.615]	[1.436,1.442]	9.427e-06
[-0.605,-0.600]	[1.436,1.442]	9.323e-06
[-0.605,-0.600]	[1.474,1.480]	1.122e-05
[-0.527,-0.522]	[1.221,1.228]	3.123e-06
[-0.527,-0.522]	[1.379,1.385]	7.170e-06
[-0.527,-0.522]	[1.631,1.638]	4.119e-05
[-0.517,-0.512]	[1.638,1.644]	4.706e-05
[-0.380,-0.376]	[1.266,1.272]	4.027e-06
[-0.380,-0.376]	[1.638,1.644]	4.706e-05
[-0.371,-0.366]	[1.329,1.335]	5.469e-06
[-0.327,-0.322]	[1.379,1.385]	7.155e-06
[-0.317,-0.312]	[1.587,1.593]	2.959e-05
[-0.254,-0.249]	[1.726,1.732]	9.605e-05
[-0.239,-0.234]	[1.278,1.284]	4.265e-06
[-0.093,-0.088]	[1.543,1.549]	2.061e-05
[-0.044,-0.039]	[1.083,1.089]	1.551e-06
[-0.020,-0.015]	[1.234,1.240]	3.384e-06
[0.102,0.107]	[1.272,1.278]	4.066e-06
[0.146,0.151]	[1.518,1.524]	1.795e-05
[0.366,0.371]	[1.562,1.568]	2.548e-05
[0.380,0.385]	[1.556,1.562]	2.154e-05
[0.444,0.449]	[1.587,1.593]	2.878e-05
[0.868,0.873]	[1.436,1.442]	9.421e-06

logEreco = [1.27 - 1.39], cosZreco = [-0.62_-0.50]
cos(zenith)	log10(E/GeV)	Aeff (m^2)
[-0.980,-0.976]	[1.417,1.423]	8.456e-06
[-0.976,-0.971]	[1.713,1.720]	8.308e-05
[-0.937,-0.932]	[1.486,1.493]	1.320e-05
[-0.932,-0.927]	[1.644,1.650]	4.865e-05
[-0.902,-0.898]	[1.284,1.291]	4.282e-06
[-0.902,-0.898]	[1.310,1.316]	5.079e-06
[-0.868,-0.863]	[1.675,1.682]	6.221e-05
[-0.824,-0.820]	[1.568,1.575]	2.574e-05
[-0.785,-0.780]	[1.499,1.505]	1.388e-05
[-0.776,-0.771]	[1.354,1.360]	6.342e-06
[-0.761,-0.756]	[1.575,1.581]	2.768e-05
[-0.717,-0.712]	[1.442,1.448]	9.992e-06
[-0.702,-0.698]	[1.556,1.562]	2.213e-05
[-0.688,-0.683]	[1.291,1.297]	4.437e-06
[-0.654,-0.649]	[1.865,1.871]	3.154e-04
[-0.649,-0.644]	[1.341,1.348]	5.756e-06
[-0.629,-0.624]	[1.335,1.341]	5.657e-06
[-0.600,-0.595]	[1.354,1.360]	6.149e-06
[-0.595,-0.590]	[1.530,1.537]	1.902e-05
[-0.585,-0.580]	[1.411,1.417]	8.163e-06
[-0.566,-0.561]	[1.556,1.562]	2.198e-05
[-0.561,-0.556]	[1.284,1.291]	4.420e-06
[-0.561,-0.556]	[1.524,1.530]	1.837e-05
[-0.561,-0.556]	[1.903,1.909]	4.129e-04
[-0.512,-0.507]	[1.455,1.461]	1.023e-05
[-0.493,-0.488]	[1.619,1.625]	3.775e-05
[-0.468,-0.463]	[1.707,1.713]	8.372e-05
[-0.463,-0.459]	[1.644,1.650]	4.826e-05
[-0.327,-0.322]	[1.505,1.512]	1.482e-05
[-0.322,-0.317]	[1.461,1.467]	1.091e-05
[-0.312,-0.307]	[1.739,1.745]	1.067e-04
[-0.293,-0.288]	[1.921,1.928]	5.007e-04
[-0.288,-0.283]	[1.316,1.322]	5.076e-06
[-0.259,-0.254]	[1.839,1.846]	2.366e-04
[-0.200,-0.195]	[1.612,1.619]	3.710e-05
[0.088,0.093]	[1.152,1.158]	2.194e-06
[0.107,0.112]	[1.335,1.341]	5.578e-06
[0.122,0.127]	[1.530,1.537]	1.884e-05
[0.151,0.156]	[2.104,2.111]	2.190e-03
[0.312,0.317]	[1.764,1.770]	1.284e-04
[0.346,0.351]	[1.581,1.587]	2.806e-05

logEreco = [1.39 - 1.51], cosZreco = [-0.62_-0.50]
cos(zenith)	log10(E/GeV)	Aeff (m^2)
[-1.000,-0.995]	[1.947,1.953]	5.906e-04
[-0.907,-0.902]	[1.549,1.556]	2.156e-05
[-0.844,-0.839]	[1.556,1.562]	2.226e-05
[-0.829,-0.824]	[1.720,1.726]	8.694e-05
[-0.771,-0.766]	[1.587,1.593]	2.916e-05
[-0.751,-0.746]	[1.612,1.619]	3.674e-05
[-0.659,-0.654]	[1.505,1.512]	1.482e-05
[-0.580,-0.576]	[1.467,1.474]	1.103e-05
[-0.546,-0.541]	[1.392,1.398]	7.621e-06
[-0.541,-0.537]	[1.688,1.694]	6.883e-05
[-0.532,-0.527]	[1.600,1.606]	3.400e-05
[-0.522,-0.517]	[1.631,1.638]	4.086e-05
[-0.522,-0.517]	[1.966,1.972]	6.864e-04
[-0.507,-0.502]	[1.625,1.631]	4.037e-05
[-0.488,-0.483]	[1.587,1.593]	2.851e-05
[-0.463,-0.459]	[1.518,1.524]	1.569e-05
[-0.449,-0.444]	[1.745,1.751]	1.112e-04
[-0.176,-0.171]	[1.278,1.284]	4.291e-06
[-0.146,-0.141]	[2.041,2.048]	1.318e-03
[-0.117,-0.112]	[1.928,1.934]	5.042e-04
[0.273,0.278]	[1.499,1.505]	1.427e-05
[0.400,0.405]	[2.003,2.010]	9.496e-04

logEreco = [1.51 - 1.63], cosZreco = [-0.62_-0.50]
cos(zenith)	log10(E/GeV)	Aeff (m^2)
[-0.990,-0.985]	[1.612,1.619]	3.692e-05
[-0.976,-0.971]	[1.442,1.448]	9.764e-06
[-0.946,-0.941]	[2.048,2.054]	1.345e-03
[-0.854,-0.849]	[1.436,1.442]	9.474e-06
[-0.854,-0.849]	[1.568,1.575]	2.657e-05
[-0.844,-0.839]	[1.612,1.619]	3.629e-05
[-0.717,-0.712]	[1.776,1.783]	1.492e-04
[-0.620,-0.615]	[2.054,2.060]	1.508e-03
[-0.615,-0.610]	[1.493,1.499]	1.373e-05
[-0.585,-0.580]	[1.839,1.846]	2.571e-04
[-0.580,-0.576]	[1.821,1.827]	2.191e-04
[-0.546,-0.541]	[1.833,1.839]	2.347e-04
[-0.541,-0.537]	[2.067,2.073]	1.653e-03
[-0.522,-0.517]	[1.650,1.657]	5.160e-05
[-0.239,-0.234]	[1.789,1.795]	1.568e-04
[-0.024,-0.020]	[2.079,2.085]	1.777e-03
[0.332,0.337]	[1.587,1.593]	2.918e-05
[0.595,0.600]	[1.821,1.827]	2.161e-04

logEreco = [1.63 - 1.75], cosZreco = [-0.62_-0.50]
cos(zenith)	log10(E/GeV)	Aeff (m^2)
[-0.795,-0.790]	[1.858,1.865]	3.040e-04
[-0.795,-0.790]	[1.921,1.928]	4.949e-04
[-0.741,-0.737]	[2.048,2.054]	1.455e-03
[-0.727,-0.722]	[1.701,1.707]	8.045e-05
[-0.722,-0.717]	[1.549,1.556]	2.153e-05
[-0.610,-0.605]	[1.896,1.903]	3.883e-04
[-0.585,-0.580]	[1.436,1.442]	9.252e-06
[-0.585,-0.580]	[1.751,1.757]	1.214e-04
[-0.585,-0.580]	[1.890,1.896]	3.757e-04
[-0.493,-0.488]	[1.833,1.839]	2.297e-04
[-0.307,-0.302]	[1.631,1.638]	4.128e-05
[-0.307,-0.302]	[1.947,1.953]	5.853e-04
[0.176,0.180]	[1.732,1.739]	1.028e-04
[0.332,0.337]	[1.827,1.833]	2.179e-04
[0.483,0.488]	[1.631,1.638]	4.585e-05
[0.688,0.693]	[1.757,1.764]	1.277e-04

logEreco = [0.80 - 0.92], cosZreco = [-0.50_-0.38]
cos(zenith)	log10(E/GeV)	Aeff (m^2)
[-0.907,-0.902]	[1.284,1.291]	4.301e-06
[-0.605,-0.600]	[1.398,1.404]	7.885e-06
[-0.317,-0.312]	[1.732,1.739]	9.891e-05
[0.088,0.093]	[0.912,0.919]	6.559e-07
[0.210,0.215]	[1.430,1.436]	9.351e-06
[0.322,0.327]	[1.253,1.259]	3.664e-06
[0.556,0.561]	[1.228,1.234]	3.231e-06

logEreco = [0.92 - 1.04], cosZreco = [-0.50_-0.38]
cos(zenith)	log10(E/GeV)	Aeff (m^2)
[-0.946,-0.941]	[1.385,1.392]	7.226e-06
[-0.941,-0.937]	[1.694,1.701]	7.663e-05
[-0.834,-0.829]	[1.341,1.348]	5.758e-06
[-0.834,-0.829]	[1.549,1.556]	2.127e-05
[-0.585,-0.580]	[0.994,1.001]	9.111e-07
[-0.566,-0.561]	[1.234,1.240]	3.383e-06
[-0.488,-0.483]	[0.748,0.755]	3.119e-07
[-0.346,-0.341]	[1.228,1.234]	3.201e-06
[-0.141,-0.137]	[1.247,1.253]	3.595e-06
[-0.127,-0.122]	[1.114,1.120]	1.766e-06
[-0.005,0.000]	[1.392,1.398]	7.525e-06
[0.044,0.049]	[1.486,1.493]	1.314e-05
[0.049,0.054]	[1.184,1.190]	2.605e-06
[0.049,0.054]	[1.196,1.202]	2.759e-06
[0.063,0.068]	[1.379,1.385]	7.229e-06
[0.132,0.137]	[1.076,1.083]	1.484e-06

logEreco = [1.04 - 1.16], cosZreco = [-0.50_-0.38]
cos(zenith)	log10(E/GeV)	Aeff (m^2)
[-0.951,-0.946]	[1.228,1.234]	3.228e-06
[-0.873,-0.868]	[1.083,1.089]	1.509e-06
[-0.863,-0.859]	[1.190,1.196]	2.631e-06
[-0.854,-0.849]	[1.423,1.430]	8.754e-06
[-0.829,-0.824]	[1.537,1.543]	1.921e-05
[-0.766,-0.761]	[1.184,1.190]	2.619e-06
[-0.741,-0.737]	[1.284,1.291]	4.438e-06
[-0.732,-0.727]	[1.499,1.505]	1.436e-05
[-0.707,-0.702]	[1.455,1.461]	1.048e-05
[-0.702,-0.698]	[1.814,1.821]	1.961e-04
[-0.688,-0.683]	[1.354,1.360]	6.177e-06
[-0.668,-0.663]	[1.202,1.209]	2.923e-06
[-0.668,-0.663]	[1.480,1.486]	1.278e-05
[-0.600,-0.595]	[1.537,1.543]	2.009e-05
[-0.590,-0.585]	[0.975,0.982]	8.404e-07
[-0.512,-0.507]	[1.234,1.240]	3.335e-06
[-0.507,-0.502]	[1.196,1.202]	2.758e-06
[-0.468,-0.463]	[1.234,1.240]	3.307e-06
[-0.444,-0.439]	[0.900,0.906]	6.050e-07
[-0.439,-0.434]	[1.284,1.291]	4.374e-06
[-0.361,-0.356]	[1.221,1.228]	3.223e-06
[-0.317,-0.312]	[1.713,1.720]	8.445e-05
[-0.268,-0.263]	[1.335,1.341]	5.593e-06
[-0.224,-0.220]	[1.177,1.184]	2.521e-06
[-0.098,-0.093]	[1.430,1.436]	9.181e-06
[0.054,0.059]	[1.322,1.329]	5.224e-06
[0.093,0.098]	[1.089,1.095]	1.563e-06
[0.180,0.185]	[1.581,1.587]	2.856e-05
[0.190,0.195]	[1.404,1.411]	8.166e-06
[0.268,0.273]	[1.757,1.764]	1.271e-04
[0.278,0.283]	[1.587,1.593]	2.949e-05
[0.463,0.468]	[1.802,1.808]	1.852e-04
[0.512,0.517]	[1.392,1.398]	7.527e-06

logEreco = [1.16 - 1.27], cosZreco = [-0.50_-0.38]
cos(zenith)	log10(E/GeV)	Aeff (m^2)
[-0.985,-0.980]	[1.020,1.026]	1.083e-06
[-0.966,-0.961]	[1.373,1.379]	6.786e-06
[-0.951,-0.946]	[1.354,1.360]	6.268e-06
[-0.893,-0.888]	[1.486,1.493]	1.309e-05
[-0.873,-0.868]	[1.095,1.102]	1.654e-06
[-0.859,-0.854]	[1.568,1.575]	2.682e-05
[-0.854,-0.849]	[1.398,1.404]	7.979e-06
[-0.839,-0.834]	[1.202,1.209]	2.822e-06
[-0.834,-0.829]	[1.442,1.448]	9.902e-06
[-0.824,-0.820]	[1.297,1.303]	4.615e-06
[-0.746,-0.741]	[1.379,1.385]	7.068e-06
[-0.741,-0.737]	[1.373,1.379]	6.767e-06
[-0.727,-0.722]	[1.556,1.562]	2.210e-05
[-0.712,-0.707]	[1.303,1.310]	4.908e-06
[-0.702,-0.698]	[1.650,1.657]	4.933e-05
[-0.649,-0.644]	[1.493,1.499]	1.341e-05
[-0.644,-0.639]	[1.209,1.215]	2.903e-06
[-0.644,-0.639]	[1.322,1.329]	5.182e-06
[-0.605,-0.600]	[1.455,1.461]	1.035e-05
[-0.590,-0.585]	[1.537,1.543]	1.939e-05
[-0.576,-0.571]	[1.600,1.606]	3.487e-05
[-0.561,-0.556]	[1.398,1.404]	7.692e-06
[-0.541,-0.537]	[1.474,1.480]	1.247e-05
[-0.488,-0.483]	[1.297,1.303]	4.601e-06
[-0.488,-0.483]	[1.549,1.556]	2.109e-05
[-0.463,-0.459]	[1.486,1.493]	1.343e-05
[-0.420,-0.415]	[1.184,1.190]	2.653e-06
[-0.380,-0.376]	[1.455,1.461]	1.050e-05
[-0.366,-0.361]	[1.543,1.549]	2.012e-05
[-0.356,-0.351]	[1.335,1.341]	5.665e-06
[-0.288,-0.283]	[1.259,1.266]	3.766e-06
[-0.268,-0.263]	[1.581,1.587]	2.834e-05
[-0.263,-0.259]	[1.266,1.272]	4.031e-06
[-0.249,-0.244]	[1.360,1.366]	6.413e-06
[-0.224,-0.220]	[1.448,1.455]	9.957e-06
[-0.210,-0.205]	[1.467,1.474]	1.101e-05
[-0.195,-0.190]	[1.593,1.600]	3.019e-05
[-0.034,-0.029]	[1.518,1.524]	1.545e-05
[-0.024,-0.020]	[1.518,1.524]	1.568e-05
[0.029,0.034]	[1.568,1.575]	2.624e-05
[0.151,0.156]	[1.360,1.366]	6.498e-06
[0.176,0.180]	[1.366,1.373]	6.619e-06
[0.317,0.322]	[1.467,1.474]	1.116e-05
[0.698,0.702]	[1.575,1.581]	2.693e-05

logEreco = [1.27 - 1.39], cosZreco = [-0.50_-0.38]
cos(zenith)	log10(E/GeV)	Aeff (m^2)
[-0.980,-0.976]	[1.486,1.493]	1.310e-05
[-0.961,-0.956]	[1.284,1.291]	4.376e-06
[-0.956,-0.951]	[1.448,1.455]	1.019e-05
[-0.951,-0.946]	[1.701,1.707]	7.833e-05
[-0.941,-0.937]	[1.411,1.417]	8.346e-06
[-0.937,-0.932]	[1.518,1.524]	1.542e-05
[-0.937,-0.932]	[1.549,1.556]	2.145e-05
[-0.912,-0.907]	[2.048,2.054]	1.347e-03
[-0.873,-0.868]	[1.575,1.581]	2.653e-05
[-0.863,-0.859]	[1.253,1.259]	3.804e-06
[-0.859,-0.854]	[1.486,1.493]	1.328e-05
[-0.849,-0.844]	[1.505,1.512]	1.454e-05
[-0.839,-0.834]	[1.234,1.240]	3.308e-06
[-0.780,-0.776]	[1.442,1.448]	9.636e-06
[-0.780,-0.776]	[1.751,1.757]	1.198e-04
[-0.751,-0.746]	[1.373,1.379]	6.946e-06
[-0.746,-0.741]	[1.493,1.499]	1.385e-05
[-0.737,-0.732]	[1.354,1.360]	6.247e-06
[-0.717,-0.712]	[1.562,1.568]	2.544e-05
[-0.712,-0.707]	[1.430,1.436]	9.061e-06
[-0.707,-0.702]	[1.568,1.575]	2.641e-05
[-0.688,-0.683]	[1.512,1.518]	1.505e-05
[-0.678,-0.673]	[1.247,1.253]	3.610e-06
[-0.659,-0.654]	[1.631,1.638]	4.131e-05
[-0.600,-0.595]	[1.619,1.625]	3.787e-05
[-0.600,-0.595]	[1.858,1.865]	2.804e-04
[-0.590,-0.585]	[1.354,1.360]	6.252e-06
[-0.566,-0.561]	[1.499,1.505]	1.414e-05
[-0.561,-0.556]	[1.556,1.562]	2.210e-05
[-0.556,-0.551]	[1.707,1.713]	8.199e-05
[-0.541,-0.537]	[1.259,1.266]	3.834e-06
[-0.541,-0.537]	[1.694,1.701]	7.711e-05
[-0.507,-0.502]	[1.593,1.600]	2.999e-05
[-0.498,-0.493]	[1.745,1.751]	1.118e-04
[-0.493,-0.488]	[1.625,1.631]	3.915e-05
[-0.483,-0.478]	[1.871,1.877]	3.204e-04
[-0.463,-0.459]	[1.455,1.461]	1.029e-05
[-0.454,-0.449]	[1.480,1.486]	1.265e-05
[-0.454,-0.449]	[1.770,1.776]	1.323e-04
[-0.434,-0.429]	[1.978,1.985]	7.728e-04
[-0.356,-0.351]	[1.341,1.348]	5.984e-06
[-0.351,-0.346]	[1.266,1.272]	3.970e-06
[-0.298,-0.293]	[1.688,1.694]	6.843e-05
[-0.288,-0.283]	[1.360,1.366]	6.446e-06
[-0.288,-0.283]	[1.821,1.827]	2.003e-04
[-0.244,-0.239]	[1.448,1.455]	9.934e-06
[-0.224,-0.220]	[1.493,1.499]	1.393e-05
[-0.088,-0.083]	[1.108,1.114]	1.787e-06
[-0.078,-0.073]	[1.505,1.512]	1.462e-05
[-0.010,-0.005]	[1.455,1.461]	1.029e-05
[0.102,0.107]	[1.972,1.978]	7.513e-04
[0.268,0.273]	[1.335,1.341]	5.629e-06
[0.341,0.346]	[1.493,1.499]	1.367e-05
[0.454,0.459]	[1.518,1.524]	1.575e-05
[0.498,0.502]	[1.543,1.549]	2.085e-05

logEreco = [1.39 - 1.51], cosZreco = [-0.50_-0.38]
cos(zenith)	log10(E/GeV)	Aeff (m^2)
[-0.912,-0.907]	[1.644,1.650]	4.802e-05
[-0.834,-0.829]	[1.486,1.493]	1.306e-05
[-0.810,-0.805]	[1.556,1.562]	2.204e-05
[-0.698,-0.693]	[1.549,1.556]	2.164e-05
[-0.576,-0.571]	[1.732,1.739]	1.008e-04
[-0.576,-0.571]	[1.739,1.745]	1.067e-04
[-0.522,-0.517]	[1.562,1.568]	2.511e-05
[-0.356,-0.351]	[1.556,1.562]	2.251e-05
[-0.341,-0.337]	[1.209,1.215]	3.001e-06
[-0.224,-0.220]	[1.486,1.493]	1.307e-05
[-0.156,-0.151]	[1.467,1.474]	1.137e-05
[-0.093,-0.088]	[1.455,1.461]	1.027e-05
[-0.054,-0.049]	[1.518,1.524]	1.784e-05
[-0.029,-0.024]	[1.606,1.612]	3.528e-05
[0.454,0.459]	[1.549,1.556]	2.077e-05

logEreco = [1.51 - 1.63], cosZreco = [-0.50_-0.38]
cos(zenith)	log10(E/GeV)	Aeff (m^2)
[-0.956,-0.951]	[1.745,1.751]	1.099e-04
[-0.922,-0.917]	[2.029,2.035]	1.215e-03
[-0.917,-0.912]	[1.688,1.694]	6.947e-05
[-0.912,-0.907]	[1.707,1.713]	8.216e-05
[-0.790,-0.785]	[1.751,1.757]	1.214e-04
[-0.756,-0.751]	[1.587,1.593]	2.868e-05
[-0.698,-0.693]	[1.783,1.789]	1.569e-04
[-0.693,-0.688]	[1.486,1.493]	1.308e-05
[-0.693,-0.688]	[2.092,2.098]	2.018e-03
[-0.639,-0.634]	[1.877,1.884]	3.262e-04
[-0.600,-0.595]	[1.726,1.732]	9.999e-05
[-0.556,-0.551]	[1.991,1.997]	8.799e-04
[-0.483,-0.478]	[1.549,1.556]	2.169e-05
[-0.478,-0.473]	[1.612,1.619]	3.731e-05
[-0.463,-0.459]	[1.739,1.745]	1.039e-04
[-0.454,-0.449]	[1.657,1.663]	5.292e-05
[-0.444,-0.439]	[1.707,1.713]	8.253e-05
[-0.424,-0.420]	[1.947,1.953]	5.911e-04
[-0.410,-0.405]	[1.915,1.921]	4.490e-04
[-0.405,-0.400]	[1.657,1.663]	5.259e-05
[-0.371,-0.366]	[1.821,1.827]	1.991e-04
[-0.332,-0.327]	[1.512,1.518]	1.525e-05
[-0.166,-0.161]	[1.568,1.575]	2.560e-05
[-0.044,-0.039]	[1.600,1.606]	3.415e-05
[0.020,0.024]	[1.833,1.839]	2.334e-04
[0.171,0.176]	[1.417,1.423]	8.638e-06
[0.371,0.376]	[1.593,1.600]	2.970e-05

logEreco = [1.63 - 1.75], cosZreco = [-0.50_-0.38]
cos(zenith)	log10(E/GeV)	Aeff (m^2)
[-0.971,-0.966]	[1.978,1.985]	8.187e-04
[-0.917,-0.912]	[1.619,1.625]	3.931e-05
[-0.888,-0.883]	[1.745,1.751]	1.110e-04
[-0.795,-0.790]	[1.991,1.997]	8.638e-04
[-0.756,-0.751]	[1.934,1.940]	5.633e-04
[-0.693,-0.688]	[1.789,1.795]	1.624e-04
[-0.683,-0.678]	[1.726,1.732]	9.606e-05
[-0.659,-0.654]	[1.757,1.764]	1.260e-04
[-0.649,-0.644]	[2.054,2.060]	1.449e-03
[-0.620,-0.615]	[1.846,1.852]	2.667e-04
[-0.615,-0.610]	[1.890,1.896]	3.662e-04
[-0.585,-0.580]	[1.833,1.839]	2.285e-04
[-0.434,-0.429]	[1.903,1.909]	4.215e-04
[-0.424,-0.420]	[1.972,1.978]	7.304e-04
[-0.395,-0.390]	[1.833,1.839]	2.285e-04
[-0.361,-0.356]	[1.688,1.694]	6.837e-05
[-0.337,-0.332]	[1.701,1.707]	7.872e-05
[0.020,0.024]	[2.395,2.401]	2.480e-02
[0.210,0.215]	[2.477,2.483]	4.903e-02

logEreco = [0.80 - 0.92], cosZreco = [-0.38_-0.25]
cos(zenith)	log10(E/GeV)	Aeff (m^2)
[-0.990,-0.985]	[0.761,0.767]	3.200e-07
[-0.927,-0.922]	[1.095,1.102]	1.665e-06
[-0.088,-0.083]	[1.051,1.057]	1.262e-06
[-0.059,-0.054]	[1.303,1.310]	4.821e-06
[0.146,0.151]	[1.114,1.120]	1.840e-06

logEreco = [0.92 - 1.04], cosZreco = [-0.38_-0.25]
cos(zenith)	log10(E/GeV)	Aeff (m^2)
[-0.946,-0.941]	[1.448,1.455]	1.028e-05
[-0.844,-0.839]	[1.865,1.871]	3.036e-04
[-0.712,-0.707]	[1.007,1.013]	1.019e-06
[-0.639,-0.634]	[1.045,1.051]	1.262e-06
[-0.507,-0.502]	[1.284,1.291]	4.447e-06
[-0.478,-0.473]	[0.944,0.950]	7.511e-07
[-0.459,-0.454]	[1.020,1.026]	1.084e-06
[-0.337,-0.332]	[1.657,1.663]	5.195e-05
[-0.244,-0.239]	[1.512,1.518]	1.531e-05
[-0.210,-0.205]	[1.575,1.581]	2.670e-05
[-0.156,-0.151]	[1.266,1.272]	3.917e-06
[-0.122,-0.117]	[1.366,1.373]	6.787e-06
[-0.029,-0.024]	[1.202,1.209]	2.871e-06
[0.190,0.195]	[0.893,0.900]	5.870e-07
[0.205,0.210]	[1.366,1.373]	6.787e-06
[0.498,0.502]	[1.158,1.165]	2.226e-06
[0.498,0.502]	[1.379,1.385]	7.073e-06
[0.707,0.712]	[1.474,1.480]	1.122e-05

logEreco = [1.04 - 1.16], cosZreco = [-0.38_-0.25]
cos(zenith)	log10(E/GeV)	Aeff (m^2)
[-0.907,-0.902]	[1.442,1.448]	9.761e-06
[-0.898,-0.893]	[1.448,1.455]	1.004e-05
[-0.839,-0.834]	[1.020,1.026]	1.121e-06
[-0.771,-0.766]	[1.537,1.543]	2.016e-05
[-0.737,-0.732]	[1.266,1.272]	3.965e-06
[-0.698,-0.693]	[1.284,1.291]	4.310e-06
[-0.673,-0.668]	[1.083,1.089]	1.497e-06
[-0.634,-0.629]	[1.064,1.070]	1.366e-06
[-0.620,-0.615]	[0.893,0.900]	5.999e-07
[-0.590,-0.585]	[1.259,1.266]	3.845e-06
[-0.551,-0.546]	[1.291,1.297]	4.445e-06
[-0.527,-0.522]	[1.467,1.474]	1.101e-05
[-0.522,-0.517]	[1.366,1.373]	6.599e-06
[-0.493,-0.488]	[1.171,1.177]	2.458e-06
[-0.468,-0.463]	[1.366,1.373]	6.791e-06
[-0.444,-0.439]	[1.316,1.322]	5.089e-06
[-0.371,-0.366]	[1.493,1.499]	1.373e-05
[-0.341,-0.337]	[1.720,1.726]	8.629e-05
[-0.322,-0.317]	[1.348,1.354]	5.912e-06
[-0.254,-0.249]	[1.512,1.518]	1.523e-05
[-0.137,-0.132]	[1.512,1.518]	1.527e-05
[-0.015,-0.010]	[1.272,1.278]	4.078e-06
[0.288,0.293]	[1.587,1.593]	2.924e-05
[0.395,0.400]	[1.209,1.215]	3.016e-06
[0.420,0.424]	[1.360,1.366]	6.514e-06

logEreco = [1.16 - 1.27], cosZreco = [-0.38_-0.25]
cos(zenith)	log10(E/GeV)	Aeff (m^2)
[-0.990,-0.985]	[1.373,1.379]	6.798e-06
[-0.980,-0.976]	[1.461,1.467]	1.081e-05
[-0.971,-0.966]	[1.890,1.896]	3.697e-04
[-0.966,-0.961]	[1.562,1.568]	2.537e-05
[-0.907,-0.902]	[1.568,1.575]	2.678e-05
[-0.863,-0.859]	[1.221,1.228]	3.155e-06
[-0.849,-0.844]	[1.278,1.284]	4.299e-06
[-0.741,-0.737]	[1.316,1.322]	5.083e-06
[-0.741,-0.737]	[1.587,1.593]	2.965e-05
[-0.712,-0.707]	[1.650,1.657]	4.998e-05
[-0.693,-0.688]	[1.512,1.518]	1.522e-05
[-0.654,-0.649]	[1.240,1.247]	3.454e-06
[-0.629,-0.624]	[1.430,1.436]	9.336e-06
[-0.576,-0.571]	[1.575,1.581]	2.760e-05
[-0.527,-0.522]	[1.253,1.259]	3.630e-06
[-0.522,-0.517]	[1.530,1.537]	1.939e-05
[-0.415,-0.410]	[1.518,1.524]	1.785e-05
[-0.410,-0.405]	[1.354,1.360]	6.187e-06
[-0.385,-0.380]	[1.436,1.442]	9.488e-06
[-0.366,-0.361]	[1.417,1.423]	8.534e-06
[-0.346,-0.341]	[1.335,1.341]	5.674e-06
[-0.332,-0.327]	[1.739,1.745]	1.043e-04
[-0.322,-0.317]	[1.398,1.404]	7.909e-06
[-0.278,-0.273]	[1.417,1.423]	8.456e-06
[-0.200,-0.195]	[1.581,1.587]	2.856e-05
[-0.102,-0.098]	[1.461,1.467]	1.093e-05
[-0.068,-0.063]	[1.549,1.556]	2.132e-05
[0.034,0.039]	[1.593,1.600]	2.997e-05
[0.049,0.054]	[1.518,1.524]	1.568e-05
[0.054,0.059]	[1.530,1.537]	1.871e-05
[0.063,0.068]	[1.732,1.739]	1.015e-04
[0.093,0.098]	[1.360,1.366]	6.451e-06
[0.102,0.107]	[1.467,1.474]	1.116e-05
[0.117,0.122]	[1.316,1.322]	5.088e-06
[0.200,0.205]	[0.906,0.912]	6.419e-07
[0.585,0.590]	[1.675,1.682]	6.369e-05

logEreco = [1.27 - 1.39], cosZreco = [-0.38_-0.25]
cos(zenith)	log10(E/GeV)	Aeff (m^2)
[-0.990,-0.985]	[1.448,1.455]	1.030e-05
[-0.985,-0.980]	[1.650,1.657]	5.145e-05
[-0.971,-0.966]	[1.411,1.417]	8.470e-06
[-0.790,-0.785]	[1.682,1.688]	6.488e-05
[-0.746,-0.741]	[1.543,1.549]	2.082e-05
[-0.722,-0.717]	[1.505,1.512]	1.460e-05
[-0.712,-0.707]	[1.348,1.354]	6.067e-06
[-0.688,-0.683]	[1.474,1.480]	1.231e-05
[-0.668,-0.663]	[1.461,1.467]	1.092e-05
[-0.649,-0.644]	[1.612,1.619]	3.751e-05
[-0.605,-0.600]	[1.392,1.398]	7.627e-06
[-0.595,-0.590]	[1.940,1.947]	5.825e-04
[-0.527,-0.522]	[1.846,1.852]	2.655e-04
[-0.517,-0.512]	[1.530,1.537]	1.881e-05
[-0.478,-0.473]	[1.228,1.234]	3.309e-06
[-0.478,-0.473]	[1.467,1.474]	1.138e-05
[-0.468,-0.463]	[1.467,1.474]	1.121e-05
[-0.439,-0.434]	[1.493,1.499]	1.338e-05
[-0.429,-0.424]	[1.846,1.852]	2.663e-04
[-0.410,-0.405]	[1.543,1.549]	2.050e-05
[-0.395,-0.390]	[1.423,1.430]	8.668e-06
[-0.385,-0.380]	[1.549,1.556]	2.100e-05
[-0.380,-0.376]	[1.341,1.348]	5.733e-06
[-0.171,-0.166]	[1.379,1.385]	7.051e-06
[-0.127,-0.122]	[1.417,1.423]	8.691e-06
[-0.098,-0.093]	[1.795,1.802]	1.639e-04
[0.054,0.059]	[2.022,2.029]	1.089e-03
[0.073,0.078]	[1.499,1.505]	1.420e-05
[0.107,0.112]	[1.348,1.354]	6.077e-06
[0.156,0.161]	[1.518,1.524]	1.541e-05
[0.244,0.249]	[1.575,1.581]	2.702e-05
[0.298,0.302]	[1.335,1.341]	5.798e-06
[0.366,0.371]	[1.335,1.341]	5.729e-06
[0.410,0.415]	[1.480,1.486]	1.269e-05
[0.439,0.444]	[2.022,2.029]	1.107e-03

logEreco = [1.39 - 1.51], cosZreco = [-0.38_-0.25]
cos(zenith)	log10(E/GeV)	Aeff (m^2)
[-0.971,-0.966]	[1.644,1.650]	4.906e-05
[-0.946,-0.941]	[1.430,1.436]	9.244e-06
[-0.912,-0.907]	[1.530,1.537]	1.903e-05
[-0.898,-0.893]	[1.379,1.385]	6.948e-06
[-0.898,-0.893]	[1.512,1.518]	1.537e-05
[-0.888,-0.883]	[1.329,1.335]	5.483e-06
[-0.878,-0.873]	[1.360,1.366]	6.331e-06
[-0.878,-0.873]	[1.512,1.518]	1.517e-05
[-0.873,-0.868]	[1.612,1.619]	3.637e-05
[-0.820,-0.815]	[1.455,1.461]	1.051e-05
[-0.815,-0.810]	[1.373,1.379]	6.901e-06
[-0.805,-0.800]	[1.644,1.650]	4.790e-05
[-0.795,-0.790]	[1.543,1.549]	1.999e-05
[-0.717,-0.712]	[1.675,1.682]	6.384e-05
[-0.702,-0.698]	[1.600,1.606]	3.431e-05
[-0.698,-0.693]	[1.423,1.430]	8.869e-06
[-0.683,-0.678]	[1.436,1.442]	9.469e-06
[-0.683,-0.678]	[1.707,1.713]	8.119e-05
[-0.678,-0.673]	[1.631,1.638]	4.096e-05
[-0.561,-0.556]	[1.575,1.581]	2.670e-05
[-0.512,-0.507]	[1.549,1.556]	2.081e-05
[-0.502,-0.498]	[1.770,1.776]	1.334e-04
[-0.459,-0.454]	[1.701,1.707]	8.027e-05
[-0.449,-0.444]	[1.537,1.543]	2.011e-05
[-0.366,-0.361]	[1.474,1.480]	1.146e-05
[-0.361,-0.356]	[1.430,1.436]	9.146e-06
[-0.346,-0.341]	[1.549,1.556]	2.070e-05
[-0.327,-0.322]	[1.593,1.600]	2.980e-05
[-0.259,-0.254]	[1.846,1.852]	2.574e-04
[-0.210,-0.205]	[1.417,1.423]	8.426e-06
[-0.117,-0.112]	[1.474,1.480]	1.123e-05
[-0.063,-0.059]	[1.297,1.303]	4.575e-06
[0.117,0.122]	[1.675,1.682]	6.381e-05
[0.137,0.141]	[1.600,1.606]	3.063e-05
[0.410,0.415]	[1.575,1.581]	2.665e-05
[0.595,0.600]	[1.877,1.884]	3.323e-04
[0.688,0.693]	[1.587,1.593]	2.877e-05

logEreco = [1.51 - 1.63], cosZreco = [-0.38_-0.25]
cos(zenith)	log10(E/GeV)	Aeff (m^2)
[-0.976,-0.971]	[1.688,1.694]	6.745e-05
[-0.961,-0.956]	[1.789,1.795]	1.587e-04
[-0.907,-0.902]	[1.493,1.499]	1.383e-05
[-0.834,-0.829]	[1.474,1.480]	1.144e-05
[-0.820,-0.815]	[1.493,1.499]	1.348e-05
[-0.780,-0.776]	[1.575,1.581]	2.714e-05
[-0.732,-0.727]	[1.890,1.896]	3.813e-04
[-0.722,-0.717]	[1.373,1.379]	6.782e-06
[-0.693,-0.688]	[1.732,1.739]	1.027e-04
[-0.688,-0.683]	[1.644,1.650]	4.975e-05
[-0.620,-0.615]	[1.694,1.701]	6.924e-05
[-0.605,-0.600]	[1.493,1.499]	1.365e-05
[-0.502,-0.498]	[1.934,1.940]	5.237e-04
[-0.473,-0.468]	[1.593,1.600]	3.062e-05
[-0.473,-0.468]	[1.802,1.808]	1.831e-04
[-0.454,-0.449]	[1.663,1.669]	5.986e-05
[-0.390,-0.385]	[1.701,1.707]	7.988e-05
[-0.385,-0.380]	[1.625,1.631]	3.943e-05
[-0.351,-0.346]	[2.029,2.035]	1.196e-03
[-0.307,-0.302]	[1.537,1.543]	1.929e-05
[-0.283,-0.278]	[1.783,1.789]	1.537e-04
[-0.166,-0.161]	[1.474,1.480]	1.123e-05
[-0.141,-0.137]	[1.663,1.669]	5.974e-05
[-0.083,-0.078]	[1.764,1.770]	1.331e-04
[-0.049,-0.044]	[1.486,1.493]	1.342e-05
[0.000,0.005]	[1.530,1.537]	1.854e-05
[0.024,0.029]	[1.669,1.675]	6.177e-05
[0.117,0.122]	[2.130,2.136]	2.661e-03
[0.137,0.141]	[1.587,1.593]	2.916e-05
[0.185,0.190]	[1.493,1.499]	1.387e-05
[0.190,0.195]	[2.041,2.048]	1.333e-03
[0.229,0.234]	[1.795,1.802]	1.805e-04
[0.268,0.273]	[1.846,1.852]	2.664e-04
[0.317,0.322]	[1.423,1.430]	8.946e-06
[0.439,0.444]	[1.940,1.947]	5.599e-04
[0.517,0.522]	[1.593,1.600]	3.001e-05
[0.615,0.620]	[1.751,1.757]	1.225e-04
[0.615,0.620]	[2.060,2.067]	1.497e-03

logEreco = [1.63 - 1.75], cosZreco = [-0.38_-0.25]
cos(zenith)	log10(E/GeV)	Aeff (m^2)
[-0.878,-0.873]	[2.041,2.048]	1.331e-03
[-0.839,-0.834]	[1.966,1.972]	7.321e-04
[-0.693,-0.688]	[1.795,1.802]	1.788e-04
[-0.673,-0.668]	[1.713,1.720]	8.684e-05
[-0.644,-0.639]	[1.764,1.770]	1.328e-04
[-0.629,-0.624]	[1.694,1.701]	7.031e-05
[-0.493,-0.488]	[1.713,1.720]	8.504e-05
[-0.385,-0.380]	[1.959,1.966]	6.772e-04
[-0.380,-0.376]	[1.783,1.789]	1.535e-04
[-0.356,-0.351]	[1.732,1.739]	1.015e-04
[-0.317,-0.312]	[1.884,1.890]	3.580e-04
[-0.137,-0.132]	[2.294,2.300]	1.045e-02
[0.141,0.146]	[1.997,2.003]	9.494e-04
[0.151,0.156]	[1.814,1.821]	1.934e-04

logEreco = [0.80 - 0.92], cosZreco = [-0.25_-0.12]
cos(zenith)	log10(E/GeV)	Aeff (m^2)
[-0.683,-0.678]	[1.146,1.152]	2.100e-06
[-0.537,-0.532]	[1.310,1.316]	4.995e-06
[-0.463,-0.459]	[1.202,1.209]	2.837e-06
[0.107,0.112]	[1.322,1.329]	5.332e-06

logEreco = [0.92 - 1.04], cosZreco = [-0.25_-0.12]
cos(zenith)	log10(E/GeV)	Aeff (m^2)
[-0.976,-0.971]	[1.512,1.518]	1.536e-05
[-0.771,-0.766]	[0.963,0.969]	8.092e-07
[-0.707,-0.702]	[1.366,1.373]	6.718e-06
[-0.673,-0.668]	[1.171,1.177]	2.470e-06
[-0.649,-0.644]	[1.228,1.234]	3.305e-06
[-0.527,-0.522]	[0.969,0.975]	8.135e-07
[-0.483,-0.478]	[1.083,1.089]	1.506e-06
[-0.478,-0.473]	[1.234,1.240]	3.377e-06
[-0.434,-0.429]	[0.919,0.925]	6.687e-07
[-0.263,-0.259]	[1.196,1.202]	2.757e-06
[-0.210,-0.205]	[1.436,1.442]	9.460e-06
[-0.190,-0.185]	[1.171,1.177]	2.419e-06
[-0.190,-0.185]	[1.430,1.436]	9.036e-06
[-0.020,-0.015]	[1.467,1.474]	1.101e-05
[0.000,0.005]	[1.045,1.051]	1.236e-06
[0.083,0.088]	[0.912,0.919]	6.612e-07
[0.161,0.166]	[1.259,1.266]	3.880e-06
[0.854,0.859]	[1.543,1.549]	2.044e-05

logEreco = [1.04 - 1.16], cosZreco = [-0.25_-0.12]
cos(zenith)	log10(E/GeV)	Aeff (m^2)
[-0.956,-0.951]	[1.057,1.064]	1.343e-06
[-0.941,-0.937]	[1.562,1.568]	2.520e-05
[-0.907,-0.902]	[1.171,1.177]	2.450e-06
[-0.873,-0.868]	[1.202,1.209]	2.840e-06
[-0.854,-0.849]	[1.284,1.291]	4.339e-06
[-0.761,-0.756]	[1.568,1.575]	2.556e-05
[-0.727,-0.722]	[1.259,1.266]	3.889e-06
[-0.678,-0.673]	[1.821,1.827]	2.151e-04
[-0.673,-0.668]	[1.158,1.165]	2.237e-06
[-0.624,-0.620]	[1.083,1.089]	1.506e-06
[-0.576,-0.571]	[1.291,1.297]	4.463e-06
[-0.532,-0.527]	[1.228,1.234]	3.312e-06
[-0.527,-0.522]	[1.253,1.259]	3.768e-06
[-0.459,-0.454]	[1.253,1.259]	3.754e-06
[-0.424,-0.420]	[1.303,1.310]	4.825e-06
[-0.415,-0.410]	[1.165,1.171]	2.356e-06
[-0.415,-0.410]	[1.593,1.600]	2.958e-05
[-0.351,-0.346]	[1.720,1.726]	8.688e-05
[-0.341,-0.337]	[1.518,1.524]	1.812e-05
[-0.307,-0.302]	[1.411,1.417]	8.382e-06
[-0.302,-0.298]	[1.316,1.322]	5.146e-06
[-0.254,-0.249]	[1.146,1.152]	2.125e-06
[-0.190,-0.185]	[1.146,1.152]	2.145e-06
[-0.146,-0.141]	[0.975,0.982]	8.432e-07
[-0.137,-0.132]	[1.373,1.379]	6.803e-06
[-0.132,-0.127]	[1.593,1.600]	3.106e-05
[-0.049,-0.044]	[1.083,1.089]	1.511e-06
[0.034,0.039]	[1.234,1.240]	3.322e-06
[0.059,0.063]	[1.448,1.455]	1.007e-05
[0.078,0.083]	[0.963,0.969]	8.085e-07
[0.112,0.117]	[1.310,1.316]	4.999e-06
[0.229,0.234]	[1.663,1.669]	5.965e-05
[0.273,0.278]	[1.543,1.549]	2.025e-05
[0.283,0.288]	[0.862,0.868]	5.127e-07
[0.293,0.298]	[1.423,1.430]	9.074e-06
[0.746,0.751]	[1.480,1.486]	1.243e-05

logEreco = [1.16 - 1.27], cosZreco = [-0.25_-0.12]
cos(zenith)	log10(E/GeV)	Aeff (m^2)
[-0.966,-0.961]	[1.474,1.480]	1.141e-05
[-0.946,-0.941]	[1.013,1.020]	1.075e-06
[-0.854,-0.849]	[1.360,1.366]	6.533e-06
[-0.844,-0.839]	[1.455,1.461]	1.049e-05
[-0.820,-0.815]	[1.505,1.512]	1.501e-05
[-0.815,-0.810]	[1.694,1.701]	6.909e-05
[-0.785,-0.780]	[1.448,1.455]	1.015e-05
[-0.688,-0.683]	[1.284,1.291]	4.350e-06
[-0.678,-0.673]	[1.341,1.348]	5.934e-06
[-0.654,-0.649]	[1.284,1.291]	4.342e-06
[-0.590,-0.585]	[1.253,1.259]	3.734e-06
[-0.580,-0.576]	[1.530,1.537]	1.905e-05
[-0.493,-0.488]	[1.638,1.644]	4.631e-05
[-0.488,-0.483]	[1.348,1.354]	5.916e-06
[-0.434,-0.429]	[1.556,1.562]	2.252e-05
[-0.268,-0.263]	[1.392,1.398]	7.708e-06
[-0.254,-0.249]	[1.663,1.669]	5.963e-05
[-0.210,-0.205]	[1.669,1.675]	6.074e-05
[-0.200,-0.195]	[1.537,1.543]	1.973e-05
[-0.161,-0.156]	[1.253,1.259]	3.669e-06
[-0.122,-0.117]	[1.543,1.549]	2.060e-05
[-0.093,-0.088]	[1.537,1.543]	2.003e-05
[-0.078,-0.073]	[0.862,0.868]	5.274e-07
[-0.063,-0.059]	[1.341,1.348]	5.730e-06
[0.073,0.078]	[1.486,1.493]	1.337e-05
[0.078,0.083]	[1.272,1.278]	4.110e-06
[0.083,0.088]	[1.865,1.871]	3.064e-04
[0.171,0.176]	[1.316,1.322]	5.011e-06
[0.180,0.185]	[1.297,1.303]	4.733e-06
[0.239,0.244]	[1.537,1.543]	1.936e-05
[0.259,0.263]	[1.556,1.562]	2.165e-05
[0.273,0.278]	[1.209,1.215]	2.892e-06
[0.356,0.361]	[1.499,1.505]	1.384e-05
[0.415,0.420]	[1.474,1.480]	1.123e-05
[0.439,0.444]	[1.783,1.789]	1.516e-04
[0.488,0.493]	[1.436,1.442]	9.532e-06
[0.512,0.517]	[1.505,1.512]	1.447e-05
[0.805,0.810]	[1.524,1.530]	1.796e-05

logEreco = [1.27 - 1.39], cosZreco = [-0.25_-0.12]
cos(zenith)	log10(E/GeV)	Aeff (m^2)
[-1.000,-0.995]	[1.499,1.505]	1.425e-05
[-0.917,-0.912]	[1.480,1.486]	1.237e-05
[-0.898,-0.893]	[1.398,1.404]	7.720e-06
[-0.863,-0.859]	[1.348,1.354]	6.006e-06
[-0.859,-0.854]	[1.600,1.606]	3.416e-05
[-0.834,-0.829]	[1.436,1.442]	9.357e-06
[-0.829,-0.824]	[0.944,0.950]	7.509e-07
[-0.829,-0.824]	[1.682,1.688]	6.581e-05
[-0.829,-0.824]	[1.890,1.896]	3.774e-04
[-0.785,-0.780]	[1.398,1.404]	7.859e-06
[-0.590,-0.585]	[1.461,1.467]	1.095e-05
[-0.585,-0.580]	[1.739,1.745]	1.048e-04
[-0.556,-0.551]	[1.411,1.417]	8.235e-06
[-0.541,-0.537]	[1.783,1.789]	1.547e-04
[-0.517,-0.512]	[1.650,1.657]	5.152e-05
[-0.273,-0.268]	[1.322,1.329]	5.312e-06
[-0.249,-0.244]	[1.259,1.266]	3.778e-06
[-0.244,-0.239]	[1.398,1.404]	7.799e-06
[-0.161,-0.156]	[1.436,1.442]	9.668e-06
[-0.132,-0.127]	[1.808,1.814]	1.892e-04
[-0.049,-0.044]	[1.556,1.562]	2.230e-05
[-0.044,-0.039]	[1.593,1.600]	3.075e-05
[-0.044,-0.039]	[2.104,2.111]	2.171e-03
[0.000,0.005]	[1.865,1.871]	3.102e-04
[0.010,0.015]	[1.493,1.499]	1.393e-05
[0.029,0.034]	[1.404,1.411]	8.105e-06
[0.195,0.200]	[1.253,1.259]	3.697e-06
[0.215,0.220]	[1.619,1.625]	3.829e-05
[0.268,0.273]	[1.757,1.764]	1.269e-04
[0.385,0.390]	[1.499,1.505]	1.384e-05
[0.405,0.410]	[1.467,1.474]	1.113e-05
[0.624,0.629]	[1.694,1.701]	6.983e-05

logEreco = [1.39 - 1.51], cosZreco = [-0.25_-0.12]
cos(zenith)	log10(E/GeV)	Aeff (m^2)
[-0.976,-0.971]	[1.562,1.568]	2.508e-05
[-0.873,-0.868]	[1.600,1.606]	3.065e-05
[-0.834,-0.829]	[1.493,1.499]	1.384e-05
[-0.702,-0.698]	[1.467,1.474]	1.102e-05
[-0.663,-0.659]	[1.606,1.612]	3.492e-05
[-0.634,-0.629]	[1.631,1.638]	4.078e-05
[-0.624,-0.620]	[1.493,1.499]	1.393e-05
[-0.537,-0.532]	[1.455,1.461]	1.041e-05
[-0.473,-0.468]	[1.644,1.650]	4.836e-05
[-0.400,-0.395]	[1.606,1.612]	3.594e-05
[-0.390,-0.385]	[1.373,1.379]	6.769e-06
[-0.307,-0.302]	[1.448,1.455]	1.027e-05
[-0.254,-0.249]	[1.556,1.562]	2.189e-05
[-0.195,-0.190]	[1.404,1.411]	8.160e-06
[-0.195,-0.190]	[1.587,1.593]	2.958e-05
[-0.141,-0.137]	[1.518,1.524]	1.577e-05
[-0.112,-0.107]	[1.808,1.814]	1.856e-04
[-0.083,-0.078]	[1.581,1.587]	2.791e-05
[-0.054,-0.049]	[1.593,1.600]	3.044e-05
[-0.049,-0.044]	[1.776,1.783]	1.460e-04
[-0.034,-0.029]	[1.751,1.757]	1.200e-04
[-0.029,-0.024]	[1.701,1.707]	8.003e-05
[0.015,0.020]	[1.726,1.732]	9.962e-05
[0.098,0.102]	[1.631,1.638]	4.597e-05
[0.122,0.127]	[1.480,1.486]	1.271e-05
[0.239,0.244]	[1.417,1.423]	8.752e-06
[0.254,0.259]	[1.631,1.638]	4.589e-05
[0.493,0.498]	[2.029,2.035]	1.167e-03
[0.937,0.941]	[1.366,1.373]	6.598e-06
[0.946,0.951]	[1.663,1.669]	5.448e-05

logEreco = [1.51 - 1.63], cosZreco = [-0.25_-0.12]
cos(zenith)	log10(E/GeV)	Aeff (m^2)
[-0.990,-0.985]	[1.814,1.821]	2.002e-04
[-0.854,-0.849]	[1.814,1.821]	2.009e-04
[-0.815,-0.810]	[1.455,1.461]	1.048e-05
[-0.673,-0.668]	[1.764,1.770]	1.316e-04
[-0.541,-0.537]	[1.903,1.909]	4.289e-04
[-0.532,-0.527]	[1.783,1.789]	1.531e-04
[-0.488,-0.483]	[1.770,1.776]	1.324e-04
[-0.424,-0.420]	[1.669,1.675]	5.983e-05
[-0.385,-0.380]	[1.486,1.493]	1.332e-05
[-0.361,-0.356]	[2.016,2.022]	1.087e-03
[-0.332,-0.327]	[1.669,1.675]	6.186e-05
[-0.317,-0.312]	[1.720,1.726]	8.914e-05
[-0.283,-0.278]	[1.732,1.739]	1.029e-04
[-0.171,-0.166]	[1.663,1.669]	5.310e-05
[-0.098,-0.093]	[1.417,1.423]	8.694e-06
[-0.005,0.000]	[1.455,1.461]	1.049e-05
[0.024,0.029]	[1.486,1.493]	1.296e-05
[0.054,0.059]	[1.701,1.707]	7.935e-05
[0.210,0.215]	[1.739,1.745]	1.057e-04
[0.493,0.498]	[1.808,1.814]	1.888e-04
[0.541,0.546]	[1.543,1.549]	2.056e-05
[0.615,0.620]	[1.858,1.865]	2.757e-04
[0.785,0.790]	[1.675,1.682]	6.336e-05

logEreco = [1.63 - 1.75], cosZreco = [-0.25_-0.12]
cos(zenith)	log10(E/GeV)	Aeff (m^2)
[-0.951,-0.946]	[1.682,1.688]	6.618e-05
[-0.941,-0.937]	[1.940,1.947]	5.821e-04
[-0.824,-0.820]	[1.600,1.606]	3.527e-05
[-0.780,-0.776]	[2.003,2.010]	9.432e-04
[-0.746,-0.741]	[1.713,1.720]	8.263e-05
[-0.722,-0.717]	[1.978,1.985]	8.172e-04
[-0.566,-0.561]	[1.600,1.606]	3.498e-05
[-0.566,-0.561]	[1.833,1.839]	2.353e-04
[-0.556,-0.551]	[1.657,1.663]	5.174e-05
[-0.546,-0.541]	[1.720,1.726]	8.942e-05
[-0.415,-0.410]	[1.764,1.770]	1.332e-04
[-0.278,-0.273]	[1.808,1.814]	1.894e-04
[-0.205,-0.200]	[2.193,2.199]	4.738e-03
[-0.141,-0.137]	[1.669,1.675]	6.193e-05
[-0.098,-0.093]	[1.808,1.814]	1.935e-04
[-0.024,-0.020]	[1.877,1.884]	3.236e-04
[0.063,0.068]	[1.985,1.991]	8.138e-04
[0.190,0.195]	[1.972,1.978]	7.553e-04
[0.288,0.293]	[1.638,1.644]	4.608e-05
[0.351,0.356]	[1.839,1.846]	2.384e-04
[0.429,0.434]	[2.048,2.054]	1.392e-03
[0.654,0.659]	[1.688,1.694]	6.836e-05

logEreco = [0.80 - 0.92], cosZreco = [-0.12_0.00]
cos(zenith)	log10(E/GeV)	Aeff (m^2)
[0.351,0.356]	[1.543,1.549]	2.026e-05
[0.537,0.541]	[1.392,1.398]	7.440e-06

logEreco = [0.92 - 1.04], cosZreco = [-0.12_0.00]
cos(zenith)	log10(E/GeV)	Aeff (m^2)
[-0.629,-0.624]	[1.064,1.070]	1.361e-06
[-0.410,-0.405]	[1.070,1.076]	1.454e-06
[-0.166,-0.161]	[1.379,1.385]	7.059e-06
[-0.112,-0.107]	[1.474,1.480]	1.238e-05
[-0.024,-0.020]	[1.038,1.045]	1.187e-06
[0.039,0.044]	[1.726,1.732]	9.901e-05
[0.102,0.107]	[1.266,1.272]	4.031e-06
[0.141,0.146]	[1.329,1.335]	5.380e-06
[0.298,0.302]	[1.196,1.202]	2.736e-06
[0.649,0.654]	[1.461,1.467]	1.067e-05

logEreco = [1.04 - 1.16], cosZreco = [-0.12_0.00]
cos(zenith)	log10(E/GeV)	Aeff (m^2)
[-0.937,-0.932]	[1.038,1.045]	1.206e-06
[-0.922,-0.917]	[1.209,1.215]	2.899e-06
[-0.824,-0.820]	[1.846,1.852]	2.650e-04
[-0.820,-0.815]	[1.530,1.537]	1.869e-05
[-0.737,-0.732]	[1.619,1.625]	3.841e-05
[-0.659,-0.654]	[1.373,1.379]	6.860e-06
[-0.644,-0.639]	[1.158,1.165]	2.259e-06
[-0.615,-0.610]	[1.064,1.070]	1.402e-06
[-0.444,-0.439]	[1.442,1.448]	9.568e-06
[-0.405,-0.400]	[1.385,1.392]	7.327e-06
[-0.366,-0.361]	[1.215,1.221]	3.083e-06
[-0.337,-0.332]	[1.593,1.600]	3.098e-05
[-0.307,-0.302]	[1.524,1.530]	1.876e-05
[-0.254,-0.249]	[1.202,1.209]	2.925e-06
[-0.224,-0.220]	[1.247,1.253]	3.537e-06
[-0.171,-0.166]	[1.177,1.184]	2.475e-06
[-0.132,-0.127]	[1.291,1.297]	4.422e-06
[-0.059,-0.054]	[0.969,0.975]	8.291e-07
[-0.039,-0.034]	[1.348,1.354]	5.923e-06
[-0.039,-0.034]	[1.505,1.512]	1.471e-05
[0.000,0.005]	[1.316,1.322]	5.072e-06
[0.102,0.107]	[1.360,1.366]	6.583e-06
[0.151,0.156]	[1.240,1.247]	3.519e-06
[0.327,0.332]	[1.007,1.013]	1.030e-06
[0.346,0.351]	[1.297,1.303]	4.727e-06
[0.410,0.415]	[1.284,1.291]	4.304e-06
[0.805,0.810]	[1.512,1.518]	1.497e-05

logEreco = [1.16 - 1.27], cosZreco = [-0.12_0.00]
cos(zenith)	log10(E/GeV)	Aeff (m^2)
[-0.522,-0.517]	[1.272,1.278]	4.041e-06
[-0.390,-0.385]	[1.297,1.303]	4.594e-06
[-0.234,-0.229]	[1.499,1.505]	1.427e-05
[-0.210,-0.205]	[1.366,1.373]	6.787e-06
[-0.146,-0.141]	[1.108,1.114]	1.754e-06
[-0.137,-0.132]	[1.398,1.404]	7.710e-06
[-0.073,-0.068]	[1.385,1.392]	7.435e-06
[-0.049,-0.044]	[1.303,1.310]	4.695e-06
[-0.044,-0.039]	[1.297,1.303]	4.689e-06
[-0.024,-0.020]	[1.417,1.423]	8.674e-06
[0.000,0.005]	[1.593,1.600]	3.022e-05
[0.088,0.093]	[1.448,1.455]	1.020e-05
[0.112,0.117]	[1.385,1.392]	7.427e-06
[0.205,0.210]	[1.764,1.770]	1.316e-04
[0.210,0.215]	[1.549,1.556]	2.074e-05
[0.249,0.254]	[1.593,1.600]	2.988e-05
[0.298,0.302]	[1.436,1.442]	9.453e-06
[0.346,0.351]	[1.316,1.322]	5.083e-06
[0.429,0.434]	[1.354,1.360]	6.344e-06
[0.678,0.683]	[1.524,1.530]	1.858e-05
[0.683,0.688]	[1.247,1.253]	3.619e-06
[0.795,0.800]	[1.461,1.467]	1.060e-05

logEreco = [1.27 - 1.39], cosZreco = [-0.12_0.00]
cos(zenith)	log10(E/GeV)	Aeff (m^2)
[-0.976,-0.971]	[1.493,1.499]	1.329e-05
[-0.951,-0.946]	[1.404,1.411]	8.053e-06
[-0.776,-0.771]	[1.430,1.436]	9.362e-06
[-0.727,-0.722]	[1.430,1.436]	9.358e-06
[-0.707,-0.702]	[1.379,1.385]	7.156e-06
[-0.663,-0.659]	[1.518,1.524]	1.573e-05
[-0.595,-0.590]	[1.139,1.146]	2.079e-06
[-0.590,-0.585]	[1.562,1.568]	2.223e-05
[-0.556,-0.551]	[1.417,1.423]	8.543e-06
[-0.517,-0.512]	[1.448,1.455]	1.005e-05
[-0.454,-0.449]	[1.354,1.360]	6.351e-06
[-0.449,-0.444]	[1.499,1.505]	1.417e-05
[-0.390,-0.385]	[1.757,1.764]	1.232e-04
[-0.366,-0.361]	[1.284,1.291]	4.354e-06
[-0.312,-0.307]	[1.934,1.940]	5.243e-04
[-0.307,-0.302]	[1.423,1.430]	9.064e-06
[-0.278,-0.273]	[1.858,1.865]	2.857e-04
[-0.249,-0.244]	[1.379,1.385]	7.144e-06
[-0.229,-0.224]	[1.593,1.600]	2.994e-05
[-0.180,-0.176]	[1.650,1.657]	5.021e-05
[-0.180,-0.176]	[1.890,1.896]	3.725e-04
[-0.151,-0.146]	[1.253,1.259]	3.747e-06
[-0.088,-0.083]	[1.480,1.486]	1.291e-05
[-0.054,-0.049]	[1.650,1.657]	5.046e-05
[-0.054,-0.049]	[1.657,1.663]	5.293e-05
[-0.049,-0.044]	[1.556,1.562]	2.233e-05
[0.039,0.044]	[1.556,1.562]	2.213e-05
[0.054,0.059]	[1.411,1.417]	8.189e-06
[0.171,0.176]	[1.518,1.524]	1.552e-05
[0.190,0.195]	[1.114,1.120]	1.802e-06
[0.220,0.224]	[1.505,1.512]	1.498e-05
[0.234,0.239]	[1.448,1.455]	1.019e-05
[0.380,0.385]	[1.341,1.348]	5.974e-06
[0.415,0.420]	[1.543,1.549]	2.080e-05
[0.473,0.478]	[1.455,1.461]	1.029e-05
[0.478,0.483]	[1.499,1.505]	1.441e-05
[0.527,0.532]	[1.543,1.549]	2.057e-05
[0.654,0.659]	[1.619,1.625]	3.838e-05
[0.693,0.698]	[1.707,1.713]	8.314e-05

logEreco = [1.39 - 1.51], cosZreco = [-0.12_0.00]
cos(zenith)	log10(E/GeV)	Aeff (m^2)
[-0.971,-0.966]	[1.556,1.562]	2.231e-05
[-0.932,-0.927]	[1.947,1.953]	5.905e-04
[-0.902,-0.898]	[1.486,1.493]	1.300e-05
[-0.878,-0.873]	[1.158,1.165]	2.318e-06
[-0.776,-0.771]	[1.417,1.423]	8.764e-06
[-0.756,-0.751]	[1.795,1.802]	1.664e-04
[-0.737,-0.732]	[1.694,1.701]	6.869e-05
[-0.722,-0.717]	[1.467,1.474]	1.115e-05
[-0.698,-0.693]	[1.474,1.480]	1.241e-05
[-0.439,-0.434]	[1.606,1.612]	3.535e-05
[-0.302,-0.298]	[1.499,1.505]	1.443e-05
[-0.229,-0.224]	[1.455,1.461]	1.047e-05
[-0.180,-0.176]	[1.537,1.543]	1.937e-05
[-0.098,-0.093]	[1.329,1.335]	5.489e-06
[-0.015,-0.010]	[1.524,1.530]	1.852e-05
[0.005,0.010]	[1.581,1.587]	2.812e-05
[0.098,0.102]	[1.701,1.707]	7.809e-05
[0.151,0.156]	[1.240,1.247]	3.444e-06
[0.151,0.156]	[1.802,1.808]	1.802e-04
[0.224,0.229]	[1.398,1.404]	7.781e-06
[0.463,0.468]	[1.606,1.612]	3.672e-05
[0.463,0.468]	[2.060,2.067]	1.543e-03
[0.522,0.527]	[1.593,1.600]	3.053e-05
[0.585,0.590]	[1.430,1.436]	9.011e-06
[0.605,0.610]	[1.606,1.612]	3.615e-05
[0.722,0.727]	[1.701,1.707]	7.850e-05

logEreco = [1.51 - 1.63], cosZreco = [-0.12_0.00]
cos(zenith)	log10(E/GeV)	Aeff (m^2)
[-0.849,-0.844]	[1.903,1.909]	4.132e-04
[-0.668,-0.663]	[1.745,1.751]	1.076e-04
[-0.551,-0.546]	[1.316,1.322]	5.066e-06
[-0.444,-0.439]	[1.512,1.518]	1.483e-05
[-0.434,-0.429]	[1.631,1.638]	4.167e-05
[-0.380,-0.376]	[1.795,1.802]	1.806e-04
[-0.215,-0.210]	[1.657,1.663]	5.114e-05
[-0.146,-0.141]	[1.934,1.940]	5.180e-04
[-0.141,-0.137]	[2.313,2.319]	1.268e-02
[-0.068,-0.063]	[1.903,1.909]	4.145e-04
[0.024,0.029]	[1.814,1.821]	1.969e-04
[0.078,0.083]	[1.915,1.921]	4.488e-04
[0.122,0.127]	[1.385,1.392]	7.306e-06
[0.137,0.141]	[1.757,1.764]	1.223e-04
[0.649,0.654]	[1.827,1.833]	2.192e-04
[0.790,0.795]	[1.751,1.757]	1.203e-04
[0.863,0.868]	[1.814,1.821]	1.916e-04
[0.873,0.878]	[1.928,1.934]	5.115e-04

logEreco = [1.63 - 1.75], cosZreco = [-0.12_0.00]
cos(zenith)	log10(E/GeV)	Aeff (m^2)
[-0.966,-0.961]	[1.991,1.997]	8.527e-04
[-0.424,-0.420]	[1.663,1.669]	6.023e-05
[-0.390,-0.385]	[1.972,1.978]	7.352e-04
[-0.220,-0.215]	[1.858,1.865]	2.773e-04
[-0.146,-0.141]	[1.890,1.896]	3.729e-04
[0.068,0.073]	[1.896,1.903]	3.856e-04
[0.083,0.088]	[1.688,1.694]	6.688e-05
[0.566,0.571]	[1.921,1.928]	4.911e-04
[0.951,0.956]	[1.821,1.827]	1.995e-04

