NC_NuXBar
logEreco = [0.80 - 0.92], cosZreco = [-1.00_-0.88]
cos(zenith)	log10(E/GeV)	Aeff (m^2)
[-0.990,-0.985]	[1.978,1.985]	5.198e-05
[-0.971,-0.966]	[1.177,1.184]	1.335e-06
[-0.912,-0.907]	[1.417,1.423]	3.940e-06
[-0.824,-0.820]	[1.688,1.694]	1.388e-05
[-0.761,-0.756]	[1.360,1.366]	3.052e-06
[-0.751,-0.746]	[2.048,2.054]	7.098e-05
[-0.732,-0.727]	[1.152,1.158]	1.148e-06
[-0.659,-0.654]	[0.584,0.591]	9.155e-08
[-0.654,-0.649]	[1.158,1.165]	7.107e-07
[-0.644,-0.639]	[1.398,1.404]	2.587e-06
[-0.571,-0.566]	[1.448,1.455]	4.410e-06
[-0.537,-0.532]	[1.234,1.240]	1.122e-06
[-0.527,-0.522]	[1.057,1.064]	3.966e-07
[-0.522,-0.517]	[1.524,1.530]	6.346e-06
[-0.459,-0.454]	[1.234,1.240]	1.705e-06
[-0.366,-0.361]	[0.824,0.830]	9.681e-09
[-0.205,-0.200]	[0.994,1.001]	5.775e-07
[-0.176,-0.171]	[2.073,2.079]	8.112e-05
[-0.054,-0.049]	[1.442,1.448]	4.455e-06

logEreco = [0.92 - 1.04], cosZreco = [-1.00_-0.88]
cos(zenith)	log10(E/GeV)	Aeff (m^2)
[-0.922,-0.917]	[1.581,1.587]	8.327e-06
[-0.922,-0.917]	[2.325,2.331]	2.613e-04
[-0.917,-0.912]	[1.587,1.593]	6.373e-07
[-0.902,-0.898]	[1.486,1.493]	2.896e-07
[-0.873,-0.868]	[1.518,1.524]	6.095e-06
[-0.849,-0.844]	[1.720,1.726]	1.579e-05
[-0.820,-0.815]	[1.524,1.530]	6.222e-06
[-0.776,-0.771]	[1.600,1.606]	8.991e-06
[-0.707,-0.702]	[1.890,1.896]	3.452e-05
[-0.615,-0.610]	[1.385,1.392]	2.441e-06
[-0.605,-0.600]	[1.266,1.272]	1.912e-06
[-0.483,-0.478]	[1.688,1.694]	1.330e-05
[-0.463,-0.459]	[2.868,2.874]	3.142e-03
[-0.278,-0.273]	[1.455,1.461]	3.569e-06
[0.054,0.059]	[1.556,1.562]	4.654e-07

logEreco = [1.04 - 1.16], cosZreco = [-1.00_-0.88]
cos(zenith)	log10(E/GeV)	Aeff (m^2)
[-0.995,-0.990]	[1.650,1.657]	1.124e-05
[-0.971,-0.966]	[1.568,1.575]	7.808e-06
[-0.912,-0.907]	[1.720,1.726]	1.604e-05
[-0.898,-0.893]	[1.663,1.669]	1.232e-05
[-0.893,-0.888]	[1.278,1.284]	1.300e-06
[-0.883,-0.878]	[1.688,1.694]	1.365e-05
[-0.868,-0.863]	[1.505,1.512]	5.866e-06
[-0.790,-0.785]	[1.177,1.184]	7.507e-07
[-0.790,-0.785]	[1.303,1.310]	1.623e-06
[-0.790,-0.785]	[1.638,1.644]	1.003e-06
[-0.766,-0.761]	[1.253,1.259]	8.103e-08
[-0.741,-0.737]	[1.524,1.530]	6.468e-06
[-0.698,-0.693]	[1.411,1.417]	3.802e-06
[-0.693,-0.688]	[1.209,1.215]	1.466e-06
[-0.668,-0.663]	[1.556,1.562]	7.352e-06
[-0.663,-0.659]	[1.903,1.909]	3.804e-05
[-0.644,-0.639]	[1.423,1.430]	1.910e-07
[-0.571,-0.566]	[1.587,1.593]	7.408e-06
[-0.541,-0.537]	[1.808,1.814]	2.708e-05
[-0.371,-0.366]	[2.010,2.016]	5.985e-05
[-0.254,-0.249]	[1.688,1.694]	1.328e-05
[-0.195,-0.190]	[1.070,1.076]	3.075e-08
[-0.063,-0.059]	[2.142,2.149]	1.144e-04
[-0.059,-0.054]	[1.373,1.379]	1.449e-07
[-0.049,-0.044]	[1.549,1.556]	4.550e-07
[0.020,0.024]	[1.776,1.783]	2.014e-05
[0.190,0.195]	[1.467,1.474]	4.856e-06

logEreco = [1.16 - 1.27], cosZreco = [-1.00_-0.88]
cos(zenith)	log10(E/GeV)	Aeff (m^2)
[-0.995,-0.990]	[1.732,1.739]	1.684e-05
[-0.985,-0.980]	[1.448,1.455]	4.489e-06
[-0.946,-0.941]	[2.079,2.085]	8.511e-05
[-0.941,-0.937]	[1.978,1.985]	5.205e-05
[-0.888,-0.883]	[1.512,1.518]	3.231e-07
[-0.888,-0.883]	[1.537,1.543]	6.884e-06
[-0.878,-0.873]	[1.732,1.739]	1.681e-05
[-0.844,-0.839]	[1.379,1.385]	3.336e-06
[-0.844,-0.839]	[1.858,1.865]	2.915e-05
[-0.815,-0.810]	[1.556,1.562]	6.164e-06
[-0.785,-0.780]	[1.701,1.707]	1.720e-06
[-0.780,-0.776]	[1.467,1.474]	4.845e-06
[-0.712,-0.707]	[2.104,2.111]	9.504e-05
[-0.707,-0.702]	[1.814,1.821]	2.435e-05
[-0.702,-0.698]	[1.562,1.568]	7.662e-06
[-0.673,-0.668]	[1.814,1.821]	2.722e-05
[-0.663,-0.659]	[1.903,1.909]	8.894e-06
[-0.659,-0.654]	[1.953,1.959]	4.727e-05
[-0.654,-0.649]	[1.442,1.448]	4.317e-06
[-0.639,-0.634]	[1.341,1.348]	1.235e-07
[-0.639,-0.634]	[1.404,1.411]	1.736e-07
[-0.605,-0.600]	[1.896,1.903]	4.645e-05
[-0.585,-0.580]	[1.903,1.909]	3.760e-05
[-0.551,-0.546]	[1.524,1.530]	5.588e-06
[-0.537,-0.532]	[1.865,1.871]	3.709e-05
[-0.498,-0.493]	[1.057,1.064]	7.653e-07
[-0.493,-0.488]	[1.675,1.682]	1.283e-05
[-0.454,-0.449]	[2.067,2.073]	7.946e-05
[-0.405,-0.400]	[1.549,1.556]	6.008e-06
[-0.395,-0.390]	[1.839,1.846]	2.727e-05
[-0.380,-0.376]	[1.581,1.587]	8.452e-06
[-0.366,-0.361]	[1.713,1.720]	1.825e-06
[-0.283,-0.278]	[1.045,1.051]	2.666e-08
[-0.249,-0.244]	[1.581,1.587]	8.315e-06
[-0.190,-0.185]	[1.461,1.467]	2.375e-07
[-0.190,-0.185]	[1.518,1.524]	6.252e-06
[0.580,0.585]	[1.783,1.789]	2.093e-05
[0.659,0.663]	[1.512,1.518]	3.270e-07

logEreco = [1.27 - 1.39], cosZreco = [-1.00_-0.88]
cos(zenith)	log10(E/GeV)	Aeff (m^2)
[-0.995,-0.990]	[1.430,1.436]	4.180e-06
[-0.971,-0.966]	[1.669,1.675]	1.247e-05
[-0.961,-0.956]	[1.858,1.865]	3.512e-05
[-0.917,-0.912]	[1.808,1.814]	2.666e-05
[-0.902,-0.898]	[1.764,1.770]	1.908e-05
[-0.902,-0.898]	[2.495,2.502]	1.420e-03
[-0.898,-0.893]	[1.720,1.726]	1.584e-05
[-0.815,-0.810]	[2.401,2.407]	3.723e-04
[-0.776,-0.771]	[1.783,1.789]	2.094e-05
[-0.741,-0.737]	[1.177,1.184]	1.278e-06
[-0.727,-0.722]	[1.549,1.556]	7.303e-06
[-0.727,-0.722]	[1.846,1.852]	2.863e-05
[-0.702,-0.698]	[2.003,2.010]	5.984e-05
[-0.668,-0.663]	[1.745,1.751]	1.817e-05
[-0.610,-0.605]	[1.556,1.562]	4.705e-07
[-0.610,-0.605]	[2.180,2.186]	1.309e-04
[-0.595,-0.590]	[1.757,1.764]	1.862e-05
[-0.590,-0.585]	[2.748,2.754]	1.838e-03
[-0.571,-0.566]	[2.395,2.401]	3.517e-04
[-0.551,-0.546]	[1.833,1.839]	4.995e-06
[-0.527,-0.522]	[2.363,2.369]	3.149e-04
[-0.522,-0.517]	[1.682,1.688]	1.347e-05
[-0.400,-0.395]	[2.041,2.048]	7.073e-05
[-0.351,-0.346]	[2.186,2.193]	1.392e-04
[-0.302,-0.298]	[1.499,1.505]	5.631e-06
[-0.229,-0.224]	[1.600,1.606]	7.458e-07
[-0.117,-0.112]	[1.448,1.455]	4.523e-06
[-0.010,-0.005]	[1.644,1.650]	1.114e-05
[0.054,0.059]	[1.966,1.972]	4.837e-05
[0.210,0.215]	[1.934,1.940]	4.381e-05

logEreco = [1.39 - 1.51], cosZreco = [-1.00_-0.88]
cos(zenith)	log10(E/GeV)	Aeff (m^2)
[-0.966,-0.961]	[2.388,2.395]	7.317e-04
[-0.946,-0.941]	[1.827,1.833]	2.582e-05
[-0.941,-0.937]	[1.701,1.707]	1.687e-06
[-0.927,-0.922]	[1.442,1.448]	4.453e-06
[-0.912,-0.907]	[1.638,1.644]	1.069e-05
[-0.912,-0.907]	[2.363,2.369]	3.129e-04
[-0.898,-0.893]	[1.669,1.675]	1.294e-06
[-0.898,-0.893]	[2.237,2.243]	1.750e-04
[-0.883,-0.878]	[1.776,1.783]	2.034e-05
[-0.829,-0.824]	[1.694,1.701]	1.416e-05
[-0.824,-0.820]	[1.903,1.909]	3.747e-05
[-0.795,-0.790]	[1.890,1.896]	7.926e-06
[-0.737,-0.732]	[1.713,1.720]	1.540e-05
[-0.707,-0.702]	[1.467,1.474]	4.982e-06
[-0.688,-0.683]	[1.732,1.739]	2.184e-06
[-0.673,-0.668]	[1.720,1.726]	1.593e-05
[-0.668,-0.663]	[1.915,1.921]	3.868e-05
[-0.585,-0.580]	[1.322,1.329]	1.130e-07
[-0.571,-0.566]	[2.464,2.470]	5.014e-04
[-0.566,-0.561]	[1.821,1.827]	2.530e-05
[-0.537,-0.532]	[1.657,1.663]	1.130e-05
[-0.244,-0.239]	[1.947,1.953]	4.502e-05
[-0.190,-0.185]	[2.022,2.029]	6.389e-05
[0.078,0.083]	[1.404,1.411]	1.700e-07

logEreco = [1.51 - 1.63], cosZreco = [-1.00_-0.88]
cos(zenith)	log10(E/GeV)	Aeff (m^2)
[-0.966,-0.961]	[2.199,2.205]	1.036e-04
[-0.961,-0.956]	[1.947,1.953]	4.452e-05
[-0.951,-0.946]	[1.745,1.751]	1.738e-05
[-0.932,-0.927]	[1.909,1.915]	3.767e-05
[-0.912,-0.907]	[2.048,2.054]	7.108e-05
[-0.912,-0.907]	[2.186,2.193]	1.385e-04
[-0.902,-0.898]	[2.243,2.249]	1.745e-04
[-0.878,-0.873]	[1.764,1.770]	1.939e-05
[-0.820,-0.815]	[2.439,2.445]	4.421e-04
[-0.815,-0.810]	[2.451,2.458]	4.600e-04
[-0.795,-0.790]	[1.694,1.701]	1.378e-05
[-0.737,-0.732]	[2.287,2.294]	2.173e-04
[-0.585,-0.580]	[2.117,2.123]	9.946e-05
[-0.537,-0.532]	[2.155,2.161]	1.209e-04
[-0.429,-0.424]	[2.218,2.224]	1.555e-04
[-0.390,-0.385]	[2.224,2.231]	1.627e-04
[-0.307,-0.302]	[1.783,1.789]	2.140e-05
[-0.220,-0.215]	[1.625,1.631]	1.005e-05

logEreco = [1.63 - 1.75], cosZreco = [-1.00_-0.88]
cos(zenith)	log10(E/GeV)	Aeff (m^2)
[-0.995,-0.990]	[2.338,2.344]	2.783e-04
[-0.966,-0.961]	[1.852,1.858]	5.939e-06
[-0.922,-0.917]	[1.802,1.808]	2.330e-05
[-0.902,-0.898]	[2.098,2.104]	8.901e-05
[-0.849,-0.844]	[2.659,2.666]	1.208e-03
[-0.771,-0.766]	[2.508,2.514]	6.160e-04
[-0.712,-0.707]	[2.067,2.073]	8.037e-05
[-0.668,-0.663]	[1.959,1.966]	4.841e-05
[-0.634,-0.629]	[1.657,1.663]	1.182e-05
[-0.566,-0.561]	[2.224,2.231]	1.635e-04
[-0.512,-0.507]	[1.934,1.940]	1.192e-05
[-0.502,-0.498]	[2.382,2.388]	3.316e-04
[-0.327,-0.322]	[2.048,2.054]	7.150e-05

logEreco = [0.80 - 0.92], cosZreco = [-0.88_-0.75]
cos(zenith)	log10(E/GeV)	Aeff (m^2)
[-0.912,-0.907]	[1.757,1.764]	2.064e-05
[-0.893,-0.888]	[1.190,1.196]	1.420e-06
[-0.824,-0.820]	[1.051,1.057]	2.804e-08
[-0.820,-0.815]	[0.729,0.736]	1.787e-07
[-0.810,-0.805]	[1.259,1.266]	1.192e-06
[-0.649,-0.644]	[1.139,1.146]	4.354e-08
[-0.507,-0.502]	[1.644,1.650]	1.102e-05
[-0.429,-0.424]	[1.335,1.341]	1.825e-06
[-0.312,-0.307]	[1.278,1.284]	2.033e-06
[-0.273,-0.268]	[1.486,1.493]	2.797e-07
[-0.254,-0.249]	[1.366,1.373]	3.145e-06
[-0.132,-0.127]	[1.221,1.228]	1.050e-06
[0.024,0.029]	[0.963,0.969]	2.548e-07

logEreco = [0.92 - 1.04], cosZreco = [-0.88_-0.75]
cos(zenith)	log10(E/GeV)	Aeff (m^2)
[-0.971,-0.966]	[1.253,1.259]	1.194e-06
[-0.951,-0.946]	[1.499,1.505]	5.702e-06
[-0.902,-0.898]	[1.890,1.896]	3.424e-05
[-0.805,-0.800]	[1.814,1.821]	2.755e-05
[-0.785,-0.780]	[1.499,1.505]	2.993e-07
[-0.717,-0.712]	[1.530,1.537]	4.024e-07
[-0.683,-0.678]	[1.291,1.297]	2.218e-06
[-0.595,-0.590]	[1.770,1.776]	2.082e-05
[-0.576,-0.571]	[1.474,1.480]	4.992e-06
[-0.541,-0.537]	[1.650,1.657]	1.162e-05
[-0.522,-0.517]	[1.518,1.524]	6.116e-06
[-0.405,-0.400]	[1.663,1.669]	1.194e-05
[-0.356,-0.351]	[1.354,1.360]	2.913e-06
[-0.341,-0.337]	[1.366,1.373]	3.143e-06
[-0.332,-0.327]	[1.373,1.379]	1.487e-07
[-0.312,-0.307]	[1.757,1.764]	2.749e-06
[-0.268,-0.263]	[1.165,1.171]	5.077e-08
[-0.234,-0.229]	[1.442,1.448]	2.113e-07
[-0.195,-0.190]	[2.073,2.079]	8.004e-05
[-0.151,-0.146]	[1.934,1.940]	4.407e-05
[-0.146,-0.141]	[1.284,1.291]	9.276e-08
[-0.034,-0.029]	[2.117,2.123]	9.824e-05
[0.415,0.420]	[2.060,2.067]	7.684e-05

logEreco = [1.04 - 1.16], cosZreco = [-0.88_-0.75]
cos(zenith)	log10(E/GeV)	Aeff (m^2)
[-0.990,-0.985]	[1.335,1.341]	2.712e-06
[-0.961,-0.956]	[1.657,1.663]	1.200e-05
[-0.941,-0.937]	[1.593,1.600]	7.652e-06
[-0.902,-0.898]	[1.253,1.259]	1.880e-06
[-0.888,-0.883]	[2.016,2.022]	6.209e-05
[-0.883,-0.878]	[1.360,1.366]	1.382e-07
[-0.873,-0.868]	[1.102,1.108]	3.722e-08
[-0.873,-0.868]	[1.600,1.606]	9.187e-06
[-0.868,-0.863]	[1.373,1.379]	2.381e-06
[-0.854,-0.849]	[1.051,1.057]	3.830e-07
[-0.854,-0.849]	[2.697,2.704]	1.410e-03
[-0.790,-0.785]	[1.291,1.297]	9.767e-08
[-0.780,-0.776]	[1.884,1.890]	4.259e-05
[-0.776,-0.771]	[1.461,1.467]	4.857e-06
[-0.756,-0.751]	[1.783,1.789]	2.127e-05
[-0.717,-0.712]	[1.379,1.385]	1.524e-07
[-0.707,-0.702]	[1.644,1.650]	1.056e-05
[-0.673,-0.668]	[1.442,1.448]	4.458e-06
[-0.585,-0.580]	[1.366,1.373]	3.054e-06
[-0.580,-0.576]	[1.537,1.543]	6.798e-06
[-0.522,-0.517]	[1.751,1.757]	1.839e-05
[-0.415,-0.410]	[1.833,1.839]	2.600e-05
[-0.410,-0.405]	[1.619,1.625]	9.008e-06
[-0.400,-0.395]	[1.171,1.177]	7.387e-07
[-0.351,-0.346]	[1.026,1.032]	6.716e-07
[-0.127,-0.122]	[1.114,1.120]	4.882e-07
[-0.073,-0.068]	[2.281,2.287]	2.099e-04
[0.068,0.073]	[1.795,1.802]	2.200e-05
[0.224,0.229]	[1.896,1.903]	3.623e-05
[0.849,0.854]	[1.612,1.619]	8.830e-06

logEreco = [1.16 - 1.27], cosZreco = [-0.88_-0.75]
cos(zenith)	log10(E/GeV)	Aeff (m^2)
[-0.995,-0.990]	[1.467,1.474]	3.897e-06
[-0.971,-0.966]	[1.846,1.852]	3.357e-05
[-0.946,-0.941]	[1.537,1.543]	6.893e-06
[-0.946,-0.941]	[1.682,1.688]	1.446e-06
[-0.907,-0.902]	[1.215,1.221]	8.719e-07
[-0.883,-0.878]	[1.858,1.865]	2.936e-05
[-0.878,-0.873]	[1.928,1.934]	4.191e-05
[-0.790,-0.785]	[1.436,1.442]	1.995e-07
[-0.771,-0.766]	[1.909,1.915]	3.855e-05
[-0.751,-0.746]	[1.234,1.240]	7.317e-08
[-0.737,-0.732]	[1.619,1.625]	8.351e-07
[-0.717,-0.712]	[1.461,1.467]	4.852e-06
[-0.620,-0.615]	[1.581,1.587]	7.421e-06
[-0.620,-0.615]	[1.600,1.606]	8.913e-06
[-0.615,-0.610]	[1.600,1.606]	8.961e-06
[-0.595,-0.590]	[1.789,1.795]	2.408e-05
[-0.527,-0.522]	[1.518,1.524]	4.830e-06
[-0.502,-0.498]	[1.303,1.310]	1.027e-07
[-0.493,-0.488]	[1.297,1.303]	2.294e-06
[-0.488,-0.483]	[1.934,1.940]	4.398e-05
[-0.463,-0.459]	[1.915,1.921]	4.076e-05
[-0.415,-0.410]	[1.713,1.720]	1.522e-05
[-0.341,-0.337]	[2.130,2.136]	1.049e-04
[-0.312,-0.307]	[1.329,1.335]	1.187e-07
[-0.249,-0.244]	[1.108,1.114]	4.880e-07
[-0.190,-0.185]	[1.467,1.474]	3.675e-06
[-0.093,-0.088]	[2.609,2.615]	9.495e-04
[-0.049,-0.044]	[1.467,1.474]	4.988e-06
[-0.010,-0.005]	[1.890,1.896]	3.436e-05
[0.005,0.010]	[1.757,1.764]	2.027e-05
[0.322,0.327]	[1.833,1.839]	4.890e-06
[0.468,0.473]	[1.827,1.833]	2.617e-05

logEreco = [1.27 - 1.39], cosZreco = [-0.88_-0.75]
cos(zenith)	log10(E/GeV)	Aeff (m^2)
[-0.990,-0.985]	[1.890,1.896]	3.449e-05
[-0.966,-0.961]	[1.341,1.348]	1.872e-06
[-0.937,-0.932]	[1.455,1.461]	2.269e-07
[-0.922,-0.917]	[2.540,2.546]	1.822e-03
[-0.907,-0.902]	[1.581,1.587]	6.149e-07
[-0.883,-0.878]	[1.884,1.890]	7.643e-06
[-0.854,-0.849]	[2.388,2.395]	7.594e-04
[-0.829,-0.824]	[1.802,1.808]	2.300e-05
[-0.829,-0.824]	[2.048,2.054]	7.099e-05
[-0.815,-0.810]	[1.701,1.707]	1.460e-05
[-0.766,-0.761]	[2.085,2.092]	8.478e-05
[-0.761,-0.756]	[1.890,1.896]	4.285e-05
[-0.737,-0.732]	[1.789,1.795]	2.394e-05
[-0.717,-0.712]	[1.612,1.619]	9.609e-06
[-0.707,-0.702]	[2.313,2.319]	2.395e-04
[-0.688,-0.683]	[1.726,1.732]	1.629e-05
[-0.683,-0.678]	[1.890,1.896]	8.062e-06
[-0.649,-0.644]	[1.694,1.701]	1.402e-05
[-0.624,-0.620]	[1.228,1.234]	7.008e-08
[-0.610,-0.605]	[2.640,2.647]	1.092e-03
[-0.595,-0.590]	[1.795,1.802]	2.257e-05
[-0.576,-0.571]	[1.928,1.934]	4.097e-05
[-0.556,-0.551]	[1.549,1.556]	4.585e-07
[-0.541,-0.537]	[1.757,1.764]	2.713e-06
[-0.493,-0.488]	[1.568,1.575]	7.659e-06
[-0.488,-0.483]	[1.505,1.512]	3.168e-07
[-0.151,-0.146]	[1.549,1.556]	7.011e-06
[-0.068,-0.063]	[1.694,1.701]	1.370e-05
[-0.049,-0.044]	[1.959,1.966]	4.846e-05
[-0.044,-0.039]	[1.518,1.524]	6.169e-06
[0.044,0.049]	[1.631,1.638]	1.050e-05
[0.078,0.083]	[1.417,1.423]	3.942e-06
[0.083,0.088]	[1.575,1.581]	8.049e-06
[0.093,0.098]	[2.256,2.262]	1.863e-04
[0.346,0.351]	[1.669,1.675]	1.313e-06
[0.444,0.449]	[1.814,1.821]	2.745e-05
[0.463,0.468]	[1.593,1.600]	8.895e-06

logEreco = [1.39 - 1.51], cosZreco = [-0.88_-0.75]
cos(zenith)	log10(E/GeV)	Aeff (m^2)
[-0.966,-0.961]	[1.839,1.846]	3.130e-05
[-0.961,-0.956]	[1.619,1.625]	8.513e-07
[-0.956,-0.951]	[2.073,2.079]	7.971e-05
[-0.941,-0.937]	[1.877,1.884]	3.932e-05
[-0.937,-0.932]	[1.745,1.751]	1.786e-05
[-0.932,-0.927]	[1.518,1.524]	5.487e-06
[-0.927,-0.922]	[2.281,2.287]	2.166e-04
[-0.893,-0.888]	[2.275,2.281]	2.090e-04
[-0.888,-0.883]	[1.600,1.606]	8.582e-06
[-0.883,-0.878]	[1.745,1.751]	2.341e-06
[-0.878,-0.873]	[1.966,1.972]	1.483e-05
[-0.878,-0.873]	[2.483,2.489]	5.421e-04
[-0.859,-0.854]	[1.877,1.884]	3.242e-05
[-0.839,-0.834]	[1.593,1.600]	8.771e-06
[-0.805,-0.800]	[2.849,2.855]	1.066e-02
[-0.790,-0.785]	[1.638,1.644]	1.059e-05
[-0.785,-0.780]	[1.682,1.688]	1.288e-05
[-0.756,-0.751]	[1.486,1.493]	2.792e-07
[-0.756,-0.751]	[1.657,1.663]	1.181e-05
[-0.756,-0.751]	[1.884,1.890]	7.951e-06
[-0.746,-0.741]	[2.054,2.060]	7.451e-05
[-0.717,-0.712]	[1.707,1.713]	1.718e-06
[-0.678,-0.673]	[1.839,1.846]	2.729e-05
[-0.654,-0.649]	[2.161,2.167]	1.245e-04
[-0.615,-0.610]	[1.675,1.682]	1.255e-05
[-0.517,-0.512]	[2.552,2.558]	7.481e-04
[-0.429,-0.424]	[2.130,2.136]	1.053e-04
[-0.278,-0.273]	[2.306,2.313]	2.373e-04
[-0.146,-0.141]	[1.764,1.770]	1.940e-05
[-0.063,-0.059]	[1.713,1.720]	1.561e-05
[-0.054,-0.049]	[1.865,1.871]	3.073e-05
[0.010,0.015]	[1.713,1.720]	1.538e-05

logEreco = [1.51 - 1.63], cosZreco = [-0.88_-0.75]
cos(zenith)	log10(E/GeV)	Aeff (m^2)
[-0.995,-0.990]	[2.710,2.716]	4.715e-03
[-0.980,-0.976]	[2.003,2.010]	5.969e-05
[-0.927,-0.922]	[1.757,1.764]	1.890e-05
[-0.927,-0.922]	[2.067,2.073]	7.823e-05
[-0.863,-0.859]	[1.827,1.833]	2.551e-05
[-0.820,-0.815]	[1.997,2.003]	5.884e-05
[-0.810,-0.805]	[2.552,2.558]	7.311e-04
[-0.727,-0.722]	[2.073,2.079]	8.381e-05
[-0.683,-0.678]	[2.098,2.104]	9.268e-05
[-0.527,-0.522]	[1.480,1.486]	2.696e-07
[-0.415,-0.410]	[2.205,2.212]	1.493e-04
[-0.327,-0.322]	[1.947,1.953]	5.976e-05
[-0.302,-0.298]	[1.556,1.562]	4.660e-07
[-0.127,-0.122]	[1.985,1.991]	5.408e-05

logEreco = [1.63 - 1.75], cosZreco = [-0.88_-0.75]
cos(zenith)	log10(E/GeV)	Aeff (m^2)
[-0.976,-0.971]	[2.773,2.779]	2.003e-03
[-0.966,-0.961]	[2.060,2.067]	7.648e-05
[-0.956,-0.951]	[1.940,1.947]	5.748e-05
[-0.951,-0.946]	[2.577,2.584]	8.279e-04
[-0.922,-0.917]	[2.313,2.319]	2.449e-04
[-0.868,-0.863]	[2.098,2.104]	9.349e-05
[-0.829,-0.824]	[2.022,2.029]	6.386e-05
[-0.790,-0.785]	[1.928,1.934]	4.197e-05
[-0.761,-0.756]	[2.464,2.470]	4.840e-04
[-0.746,-0.741]	[2.300,2.306]	4.606e-04
[-0.737,-0.732]	[1.814,1.821]	2.408e-05
[-0.732,-0.727]	[2.514,2.521]	6.245e-04
[-0.702,-0.698]	[1.896,1.903]	4.355e-05
[-0.600,-0.595]	[2.205,2.212]	1.514e-04
[-0.454,-0.449]	[2.376,2.382]	3.237e-04
[-0.302,-0.298]	[1.865,1.871]	3.072e-05
[-0.298,-0.293]	[2.678,2.685]	1.324e-03
[-0.132,-0.127]	[2.022,2.029]	6.630e-05
[0.102,0.107]	[2.388,2.395]	3.439e-04
[0.337,0.341]	[2.439,2.445]	4.400e-04
[0.585,0.590]	[1.884,1.890]	3.407e-05

logEreco = [0.80 - 0.92], cosZreco = [-0.75_-0.62]
cos(zenith)	log10(E/GeV)	Aeff (m^2)
[-0.976,-0.971]	[1.354,1.360]	1.958e-06
[-0.941,-0.937]	[1.575,1.581]	7.913e-06
[-0.937,-0.932]	[1.139,1.146]	4.371e-08
[-0.863,-0.859]	[1.165,1.171]	4.963e-08
[-0.854,-0.849]	[1.903,1.909]	3.760e-05
[-0.761,-0.756]	[1.259,1.266]	1.192e-06
[-0.707,-0.702]	[1.694,1.701]	1.390e-05
[-0.439,-0.434]	[0.969,0.975]	5.192e-07
[-0.337,-0.332]	[1.833,1.839]	3.126e-05
[-0.137,-0.132]	[1.392,1.398]	3.394e-06
[-0.107,-0.102]	[1.284,1.291]	9.233e-08
[0.790,0.795]	[1.139,1.146]	6.749e-07

logEreco = [0.92 - 1.04], cosZreco = [-0.75_-0.62]
cos(zenith)	log10(E/GeV)	Aeff (m^2)
[-0.937,-0.932]	[1.505,1.512]	3.097e-07
[-0.873,-0.868]	[1.284,1.291]	2.147e-06
[-0.863,-0.859]	[1.083,1.089]	8.378e-07
[-0.800,-0.795]	[1.631,1.638]	1.028e-05
[-0.737,-0.732]	[1.575,1.581]	7.055e-06
[-0.566,-0.561]	[1.562,1.568]	6.181e-06
[-0.561,-0.556]	[0.761,0.767]	1.987e-07
[-0.532,-0.527]	[2.048,2.054]	7.195e-05
[-0.522,-0.517]	[1.158,1.165]	4.924e-08
[-0.517,-0.512]	[1.411,1.417]	1.761e-07
[-0.366,-0.361]	[1.461,1.467]	3.585e-06
[-0.302,-0.298]	[1.846,1.852]	3.362e-05
[-0.278,-0.273]	[1.253,1.259]	1.874e-06
[-0.220,-0.215]	[1.234,1.240]	7.305e-08
[-0.190,-0.185]	[1.669,1.675]	1.233e-05
[-0.141,-0.137]	[1.720,1.726]	1.541e-05
[-0.063,-0.059]	[1.537,1.543]	6.622e-06
[-0.054,-0.049]	[1.865,1.871]	3.080e-05
[-0.034,-0.029]	[1.316,1.322]	1.114e-07
[0.073,0.078]	[1.713,1.720]	1.530e-05

logEreco = [1.04 - 1.16], cosZreco = [-0.75_-0.62]
cos(zenith)	log10(E/GeV)	Aeff (m^2)
[-0.966,-0.961]	[1.757,1.764]	1.903e-05
[-0.927,-0.922]	[1.619,1.625]	9.998e-06
[-0.922,-0.917]	[1.669,1.675]	1.234e-05
[-0.902,-0.898]	[1.890,1.896]	3.464e-05
[-0.888,-0.883]	[1.259,1.266]	8.109e-08
[-0.878,-0.873]	[1.631,1.638]	8.788e-07
[-0.863,-0.859]	[1.379,1.385]	3.273e-06
[-0.785,-0.780]	[1.556,1.562]	7.395e-06
[-0.712,-0.707]	[1.184,1.190]	1.373e-06
[-0.580,-0.576]	[1.612,1.619]	8.955e-06
[-0.546,-0.541]	[1.808,1.814]	2.385e-05
[-0.527,-0.522]	[1.701,1.707]	1.502e-05
[-0.454,-0.449]	[1.436,1.442]	4.347e-06
[-0.273,-0.268]	[1.972,1.978]	6.860e-05
[-0.263,-0.259]	[1.158,1.165]	4.904e-08
[-0.049,-0.044]	[1.240,1.247]	7.343e-08
[0.024,0.029]	[1.480,1.486]	2.781e-07
[0.239,0.244]	[1.354,1.360]	2.905e-06

logEreco = [1.16 - 1.27], cosZreco = [-0.75_-0.62]
cos(zenith)	log10(E/GeV)	Aeff (m^2)
[-0.971,-0.966]	[1.284,1.291]	9.568e-08
[-0.941,-0.937]	[1.272,1.278]	1.272e-06
[-0.893,-0.888]	[1.657,1.663]	1.167e-05
[-0.888,-0.883]	[1.524,1.530]	6.366e-06
[-0.878,-0.873]	[1.354,1.360]	2.890e-06
[-0.878,-0.873]	[1.858,1.865]	2.916e-05
[-0.863,-0.859]	[1.650,1.657]	1.120e-05
[-0.805,-0.800]	[1.348,1.354]	2.851e-06
[-0.805,-0.800]	[2.048,2.054]	7.153e-05
[-0.751,-0.746]	[1.865,1.871]	3.004e-05
[-0.746,-0.741]	[1.524,1.530]	5.438e-06
[-0.737,-0.732]	[1.745,1.751]	2.316e-06
[-0.663,-0.659]	[1.430,1.436]	4.200e-06
[-0.644,-0.639]	[2.136,2.142]	1.080e-04
[-0.576,-0.571]	[1.644,1.650]	1.099e-05
[-0.571,-0.566]	[1.959,1.966]	4.822e-05
[-0.502,-0.498]	[1.404,1.411]	3.689e-06
[-0.498,-0.493]	[1.474,1.480]	2.690e-07
[-0.459,-0.454]	[1.505,1.512]	5.836e-06
[-0.424,-0.420]	[1.499,1.505]	5.783e-06
[-0.395,-0.390]	[1.865,1.871]	3.834e-05
[-0.322,-0.317]	[1.190,1.196]	1.389e-06
[-0.283,-0.278]	[1.915,1.921]	3.891e-05
[-0.249,-0.244]	[1.568,1.575]	7.792e-06
[-0.205,-0.200]	[1.215,1.221]	1.550e-06
[-0.180,-0.176]	[1.795,1.802]	2.419e-05
[-0.176,-0.171]	[1.606,1.612]	7.713e-07
[-0.171,-0.166]	[1.713,1.720]	1.499e-05
[-0.156,-0.151]	[1.247,1.253]	7.642e-08
[-0.054,-0.049]	[1.606,1.612]	9.356e-06
[0.063,0.068]	[1.423,1.430]	1.908e-07
[0.098,0.102]	[1.808,1.814]	2.702e-05
[0.220,0.224]	[1.877,1.884]	3.953e-05
[0.239,0.244]	[1.120,1.127]	3.967e-08
[0.288,0.293]	[1.493,1.499]	5.429e-06
[0.341,0.346]	[1.593,1.600]	7.626e-06
[0.415,0.420]	[1.543,1.549]	4.427e-07
[0.746,0.751]	[1.821,1.827]	2.969e-05

logEreco = [1.27 - 1.39], cosZreco = [-0.75_-0.62]
cos(zenith)	log10(E/GeV)	Aeff (m^2)
[-0.956,-0.951]	[1.303,1.310]	1.021e-07
[-0.941,-0.937]	[1.448,1.455]	3.530e-06
[-0.927,-0.922]	[1.556,1.562]	4.740e-07
[-0.883,-0.878]	[1.360,1.366]	1.362e-07
[-0.878,-0.873]	[1.221,1.228]	1.568e-06
[-0.859,-0.854]	[1.568,1.575]	7.897e-06
[-0.844,-0.839]	[1.732,1.739]	1.642e-05
[-0.834,-0.829]	[1.606,1.612]	9.509e-06
[-0.805,-0.800]	[1.764,1.770]	1.888e-05
[-0.761,-0.756]	[1.430,1.436]	4.085e-06
[-0.751,-0.746]	[1.909,1.915]	3.786e-05
[-0.746,-0.741]	[1.322,1.329]	1.127e-07
[-0.732,-0.727]	[1.537,1.543]	6.762e-06
[-0.683,-0.678]	[1.789,1.795]	2.174e-05
[-0.600,-0.595]	[1.833,1.839]	2.610e-05
[-0.590,-0.585]	[2.237,2.243]	1.763e-04
[-0.585,-0.580]	[1.663,1.669]	1.207e-05
[-0.566,-0.561]	[2.035,2.041]	6.679e-05
[-0.541,-0.537]	[1.776,1.783]	2.075e-05
[-0.527,-0.522]	[1.972,1.978]	5.157e-05
[-0.498,-0.493]	[1.896,1.903]	3.588e-05
[-0.498,-0.493]	[2.344,2.350]	2.880e-04
[-0.454,-0.449]	[1.612,1.619]	8.960e-06
[-0.385,-0.380]	[1.808,1.814]	2.370e-05
[-0.298,-0.293]	[1.871,1.877]	3.202e-05
[-0.205,-0.200]	[1.568,1.575]	6.958e-06
[-0.107,-0.102]	[1.978,1.985]	5.271e-05
[-0.093,-0.088]	[2.306,2.313]	2.366e-04
[-0.068,-0.063]	[2.300,2.306]	2.335e-04
[-0.044,-0.039]	[2.079,2.085]	8.314e-05
[-0.039,-0.034]	[1.713,1.720]	1.556e-05
[0.176,0.180]	[1.707,1.713]	1.469e-05
[0.190,0.195]	[1.846,1.852]	2.797e-05
[0.576,0.580]	[1.978,1.985]	5.238e-05

logEreco = [1.39 - 1.51], cosZreco = [-0.75_-0.62]
cos(zenith)	log10(E/GeV)	Aeff (m^2)
[-1.000,-0.995]	[2.205,2.212]	1.085e-04
[-0.990,-0.985]	[1.505,1.512]	5.897e-06
[-0.976,-0.971]	[2.029,2.035]	6.664e-05
[-0.878,-0.873]	[1.934,1.940]	4.195e-05
[-0.873,-0.868]	[1.739,1.745]	1.809e-05
[-0.824,-0.820]	[1.839,1.846]	2.717e-05
[-0.780,-0.776]	[1.833,1.839]	2.602e-05
[-0.683,-0.678]	[1.625,1.631]	8.635e-07
[-0.659,-0.654]	[2.325,2.331]	5.300e-04
[-0.654,-0.649]	[1.404,1.411]	3.629e-06
[-0.600,-0.595]	[1.858,1.865]	2.924e-05
[-0.488,-0.483]	[1.322,1.329]	1.115e-07
[-0.468,-0.463]	[1.366,1.373]	1.439e-07
[-0.454,-0.449]	[1.442,1.448]	3.342e-06
[-0.366,-0.361]	[2.180,2.186]	1.329e-04
[-0.356,-0.351]	[2.294,2.300]	2.270e-04
[-0.283,-0.278]	[2.079,2.085]	8.357e-05
[-0.161,-0.156]	[1.877,1.884]	3.248e-05
[-0.151,-0.146]	[1.997,2.003]	5.556e-05
[-0.083,-0.078]	[1.524,1.530]	6.227e-06
[-0.083,-0.078]	[1.707,1.713]	1.468e-05
[-0.054,-0.049]	[1.764,1.770]	1.893e-05
[0.239,0.244]	[1.474,1.480]	4.278e-06
[0.346,0.351]	[2.117,2.123]	1.004e-04
[0.439,0.444]	[1.814,1.821]	2.392e-05
[0.527,0.532]	[2.407,2.413]	3.845e-04
[0.561,0.566]	[1.877,1.884]	3.210e-05
[0.937,0.941]	[2.357,2.363]	2.953e-04

logEreco = [1.51 - 1.63], cosZreco = [-0.75_-0.62]
cos(zenith)	log10(E/GeV)	Aeff (m^2)
[-0.956,-0.951]	[2.464,2.470]	4.910e-04
[-0.946,-0.941]	[2.098,2.104]	9.381e-05
[-0.922,-0.917]	[1.669,1.675]	1.259e-05
[-0.902,-0.898]	[1.991,1.997]	5.499e-05
[-0.834,-0.829]	[2.022,2.029]	6.312e-05
[-0.810,-0.805]	[2.546,2.552]	7.298e-04
[-0.795,-0.790]	[2.464,2.470]	4.987e-04
[-0.751,-0.746]	[2.199,2.205]	1.429e-04
[-0.702,-0.698]	[1.795,1.802]	2.274e-05
[-0.693,-0.688]	[2.300,2.306]	2.346e-04
[-0.673,-0.668]	[2.439,2.445]	4.380e-04
[-0.654,-0.649]	[1.940,1.947]	4.428e-05
[-0.615,-0.610]	[1.713,1.720]	1.858e-06
[-0.615,-0.610]	[2.048,2.054]	7.223e-05
[-0.580,-0.576]	[1.713,1.720]	1.495e-05
[-0.566,-0.561]	[1.675,1.682]	1.283e-05
[-0.556,-0.551]	[2.142,2.149]	1.866e-04
[-0.473,-0.468]	[2.130,2.136]	1.086e-04
[-0.195,-0.190]	[1.518,1.524]	3.399e-07
[-0.132,-0.127]	[1.865,1.871]	3.105e-05
[-0.098,-0.093]	[1.821,1.827]	2.500e-05
[0.000,0.005]	[2.464,2.470]	4.984e-04
[0.034,0.039]	[1.877,1.884]	3.216e-05
[0.073,0.078]	[1.600,1.606]	8.918e-06
[0.112,0.117]	[1.940,1.947]	4.480e-05
[0.283,0.288]	[1.663,1.669]	1.232e-05
[0.498,0.502]	[1.985,1.991]	5.439e-05

logEreco = [1.63 - 1.75], cosZreco = [-0.75_-0.62]
cos(zenith)	log10(E/GeV)	Aeff (m^2)
[-0.961,-0.956]	[1.997,2.003]	8.175e-05
[-0.863,-0.859]	[2.804,2.811]	2.309e-03
[-0.717,-0.712]	[1.928,1.934]	5.334e-05
[-0.698,-0.693]	[1.909,1.915]	3.789e-05
[-0.683,-0.678]	[2.735,2.741]	1.705e-03
[-0.668,-0.663]	[2.029,2.035]	6.634e-05
[-0.624,-0.620]	[1.903,1.909]	3.785e-05
[-0.615,-0.610]	[2.193,2.199]	1.425e-04
[-0.571,-0.566]	[2.136,2.142]	1.760e-04
[-0.454,-0.449]	[1.884,1.890]	3.296e-05
[-0.361,-0.356]	[2.092,2.098]	8.999e-05
[-0.146,-0.141]	[1.701,1.707]	1.470e-05
[-0.068,-0.063]	[1.764,1.770]	2.828e-06
[0.068,0.073]	[2.243,2.249]	1.751e-04
[0.171,0.176]	[2.092,2.098]	8.778e-05
[0.580,0.585]	[2.035,2.041]	6.741e-05
[0.610,0.615]	[1.732,1.739]	2.136e-06
[0.883,0.888]	[2.067,2.073]	7.999e-05

logEreco = [0.80 - 0.92], cosZreco = [-0.62_-0.50]
cos(zenith)	log10(E/GeV)	Aeff (m^2)
[-0.932,-0.927]	[0.704,0.710]	5.437e-09
[-0.649,-0.644]	[2.085,2.092]	8.817e-05
[-0.551,-0.546]	[1.196,1.202]	6.046e-08
[-0.468,-0.463]	[1.480,1.486]	5.173e-06
[-0.410,-0.405]	[1.537,1.543]	6.734e-06
[-0.322,-0.317]	[1.165,1.171]	1.239e-06
[-0.244,-0.239]	[2.205,2.212]	1.498e-04
[-0.132,-0.127]	[1.575,1.581]	7.216e-06
[-0.010,-0.005]	[1.877,1.884]	3.243e-05
[0.205,0.210]	[1.240,1.247]	7.474e-08
[0.824,0.829]	[1.650,1.657]	1.137e-05

logEreco = [0.92 - 1.04], cosZreco = [-0.62_-0.50]
cos(zenith)	log10(E/GeV)	Aeff (m^2)
[-0.849,-0.844]	[1.404,1.411]	1.722e-07
[-0.834,-0.829]	[1.650,1.657]	1.102e-05
[-0.815,-0.810]	[1.240,1.247]	1.702e-06
[-0.751,-0.746]	[0.912,0.919]	1.384e-08
[-0.737,-0.732]	[2.363,2.369]	6.392e-04
[-0.663,-0.659]	[1.108,1.114]	9.474e-07
[-0.424,-0.420]	[1.297,1.303]	2.257e-06
[-0.215,-0.210]	[1.474,1.480]	3.729e-06
[-0.200,-0.195]	[1.467,1.474]	3.694e-06
[-0.190,-0.185]	[1.436,1.442]	2.069e-07
[-0.068,-0.063]	[1.385,1.392]	3.394e-06
[-0.005,0.000]	[1.202,1.209]	1.484e-06
[0.224,0.229]	[1.486,1.493]	5.387e-06
[0.317,0.322]	[1.751,1.757]	1.842e-05
[0.727,0.732]	[1.493,1.499]	3.004e-07

logEreco = [1.04 - 1.16], cosZreco = [-0.62_-0.50]
cos(zenith)	log10(E/GeV)	Aeff (m^2)
[-0.966,-0.961]	[1.190,1.196]	1.381e-06
[-0.961,-0.956]	[2.111,2.117]	9.800e-05
[-0.951,-0.946]	[1.575,1.581]	8.178e-06
[-0.917,-0.912]	[1.524,1.530]	5.465e-06
[-0.873,-0.868]	[1.417,1.423]	2.751e-06
[-0.859,-0.854]	[0.824,0.830]	9.368e-09
[-0.839,-0.834]	[0.994,1.001]	2.903e-07
[-0.839,-0.834]	[1.486,1.493]	2.892e-07
[-0.785,-0.780]	[1.562,1.568]	6.194e-06
[-0.776,-0.771]	[1.398,1.404]	2.585e-06
[-0.678,-0.673]	[2.111,2.117]	9.439e-05
[-0.649,-0.644]	[1.354,1.360]	2.936e-06
[-0.644,-0.639]	[1.398,1.404]	1.666e-07
[-0.615,-0.610]	[1.467,1.474]	2.349e-07
[-0.556,-0.551]	[0.931,0.938]	4.382e-07
[-0.420,-0.415]	[1.461,1.467]	3.573e-06
[-0.410,-0.405]	[1.600,1.606]	9.172e-06
[-0.395,-0.390]	[1.839,1.846]	5.084e-06
[-0.307,-0.302]	[1.966,1.972]	4.830e-05
[-0.293,-0.288]	[1.001,1.007]	5.756e-07
[-0.205,-0.200]	[1.404,1.411]	2.632e-06
[-0.195,-0.190]	[1.417,1.423]	1.845e-07
[-0.185,-0.180]	[1.865,1.871]	3.771e-05
[-0.098,-0.093]	[1.928,1.934]	5.372e-05
[-0.098,-0.093]	[1.940,1.947]	4.416e-05
[-0.093,-0.088]	[1.366,1.373]	2.293e-06
[-0.044,-0.039]	[1.411,1.417]	1.786e-07
[0.054,0.059]	[1.467,1.474]	4.978e-06
[0.093,0.098]	[1.253,1.259]	1.866e-06
[0.093,0.098]	[1.751,1.757]	1.808e-05
[0.263,0.268]	[1.694,1.701]	1.456e-05
[0.395,0.400]	[1.638,1.644]	1.070e-05
[0.405,0.410]	[1.745,1.751]	1.804e-05
[0.468,0.473]	[1.303,1.310]	1.645e-06
[0.473,0.478]	[1.802,1.808]	2.249e-05
[0.834,0.839]	[2.022,2.029]	6.394e-05

logEreco = [1.16 - 1.27], cosZreco = [-0.62_-0.50]
cos(zenith)	log10(E/GeV)	Aeff (m^2)
[-0.980,-0.976]	[1.284,1.291]	2.083e-06
[-0.941,-0.937]	[1.089,1.095]	3.343e-08
[-0.941,-0.937]	[1.316,1.322]	2.453e-06
[-0.912,-0.907]	[1.890,1.896]	3.424e-05
[-0.902,-0.898]	[1.896,1.903]	3.559e-05
[-0.898,-0.893]	[1.751,1.757]	1.804e-05
[-0.873,-0.868]	[1.650,1.657]	1.070e-05
[-0.859,-0.854]	[1.770,1.776]	1.986e-05
[-0.780,-0.776]	[2.073,2.079]	8.376e-05
[-0.688,-0.683]	[1.354,1.360]	1.937e-06
[-0.688,-0.683]	[2.262,2.268]	1.939e-04
[-0.546,-0.541]	[1.827,1.833]	2.633e-05
[-0.532,-0.527]	[1.442,1.448]	2.079e-07
[-0.527,-0.522]	[1.493,1.499]	4.504e-06
[-0.527,-0.522]	[1.808,1.814]	2.370e-05
[-0.478,-0.473]	[1.802,1.808]	2.629e-05
[-0.473,-0.468]	[1.215,1.221]	6.647e-08
[-0.463,-0.459]	[1.505,1.512]	5.871e-06
[-0.444,-0.439]	[1.802,1.808]	2.282e-05
[-0.429,-0.424]	[1.675,1.682]	1.270e-05
[-0.380,-0.376]	[1.625,1.631]	1.014e-05
[-0.376,-0.371]	[1.316,1.322]	1.734e-06
[-0.376,-0.371]	[1.575,1.581]	7.060e-06
[-0.376,-0.371]	[1.751,1.757]	1.812e-05
[-0.361,-0.356]	[1.600,1.606]	9.181e-06
[-0.337,-0.332]	[2.483,2.489]	5.392e-04
[-0.312,-0.307]	[1.448,1.455]	4.518e-06
[-0.298,-0.293]	[1.575,1.581]	5.942e-07
[-0.234,-0.229]	[1.770,1.776]	1.941e-05
[-0.220,-0.215]	[1.985,1.991]	5.402e-05
[-0.205,-0.200]	[1.467,1.474]	4.982e-06
[-0.151,-0.146]	[1.934,1.940]	5.380e-05
[-0.127,-0.122]	[1.253,1.259]	7.963e-08
[-0.117,-0.112]	[1.928,1.934]	1.093e-05
[-0.078,-0.073]	[1.505,1.512]	3.182e-07
[-0.073,-0.068]	[1.202,1.209]	6.100e-08
[-0.059,-0.054]	[2.054,2.060]	7.603e-05
[-0.034,-0.029]	[1.341,1.348]	2.785e-06
[0.015,0.020]	[1.543,1.549]	5.881e-06
[0.024,0.029]	[1.076,1.083]	8.425e-07
[0.185,0.190]	[1.978,1.985]	5.267e-05
[0.278,0.283]	[1.921,1.928]	4.056e-05
[0.341,0.346]	[1.240,1.247]	1.764e-06
[0.395,0.400]	[1.549,1.556]	7.167e-06
[0.717,0.722]	[1.631,1.638]	1.033e-05
[0.995,1.000]	[2.697,2.704]	1.411e-03

logEreco = [1.27 - 1.39], cosZreco = [-0.62_-0.50]
cos(zenith)	log10(E/GeV)	Aeff (m^2)
[-0.971,-0.966]	[1.392,1.398]	3.488e-06
[-0.971,-0.966]	[2.041,2.048]	7.157e-05
[-0.961,-0.956]	[1.423,1.430]	1.915e-07
[-0.927,-0.922]	[1.631,1.638]	1.066e-05
[-0.927,-0.922]	[1.682,1.688]	1.289e-05
[-0.922,-0.917]	[1.625,1.631]	1.012e-05
[-0.902,-0.898]	[1.827,1.833]	2.526e-05
[-0.893,-0.888]	[1.985,1.991]	7.400e-05
[-0.883,-0.878]	[2.016,2.022]	6.359e-05
[-0.859,-0.854]	[1.278,1.284]	9.061e-08
[-0.834,-0.829]	[1.562,1.568]	7.587e-06
[-0.829,-0.824]	[1.373,1.379]	1.500e-07
[-0.824,-0.820]	[1.663,1.669]	1.116e-05
[-0.712,-0.707]	[1.865,1.871]	3.076e-05
[-0.668,-0.663]	[2.054,2.060]	3.209e-05
[-0.615,-0.610]	[1.404,1.411]	1.722e-07
[-0.556,-0.551]	[1.190,1.196]	1.366e-06
[-0.498,-0.493]	[1.423,1.430]	4.028e-06
[-0.483,-0.478]	[2.413,2.420]	3.931e-04
[-0.356,-0.351]	[1.411,1.417]	3.749e-06
[-0.351,-0.346]	[1.701,1.707]	1.468e-05
[-0.332,-0.327]	[1.430,1.436]	1.946e-07
[-0.312,-0.307]	[1.467,1.474]	4.825e-06
[-0.312,-0.307]	[1.833,1.839]	2.632e-05
[-0.288,-0.283]	[1.972,1.978]	5.157e-05
[-0.278,-0.273]	[1.581,1.587]	8.157e-06
[-0.190,-0.185]	[1.253,1.259]	1.881e-06
[-0.137,-0.132]	[1.915,1.921]	3.838e-05
[-0.102,-0.098]	[1.839,1.846]	2.753e-05
[-0.068,-0.063]	[1.543,1.549]	5.828e-06
[-0.010,-0.005]	[1.543,1.549]	4.500e-07
[0.039,0.044]	[1.814,1.821]	4.313e-06
[0.088,0.093]	[2.149,2.155]	1.136e-04
[0.093,0.098]	[2.010,2.016]	8.802e-05
[0.107,0.112]	[1.493,1.499]	5.463e-06
[0.176,0.180]	[1.972,1.978]	7.009e-05
[0.185,0.190]	[1.846,1.852]	2.841e-05
[0.244,0.249]	[1.751,1.757]	1.993e-05
[0.259,0.263]	[2.540,2.546]	6.912e-04
[0.283,0.288]	[1.430,1.436]	1.974e-07
[0.605,0.610]	[2.079,2.085]	8.461e-05

logEreco = [1.39 - 1.51], cosZreco = [-0.62_-0.50]
cos(zenith)	log10(E/GeV)	Aeff (m^2)
[-0.980,-0.976]	[2.003,2.010]	5.943e-05
[-0.966,-0.961]	[1.423,1.430]	4.106e-06
[-0.951,-0.946]	[1.808,1.814]	2.686e-05
[-0.932,-0.927]	[1.524,1.530]	6.440e-06
[-0.922,-0.917]	[1.751,1.757]	2.663e-06
[-0.907,-0.902]	[2.130,2.136]	1.039e-04
[-0.898,-0.893]	[1.562,1.568]	7.574e-06
[-0.898,-0.893]	[1.877,1.884]	3.245e-05
[-0.893,-0.888]	[1.839,1.846]	2.772e-05
[-0.829,-0.824]	[2.149,2.155]	1.159e-04
[-0.810,-0.805]	[2.590,2.596]	8.661e-04
[-0.805,-0.800]	[1.739,1.745]	1.740e-05
[-0.780,-0.776]	[1.884,1.890]	3.401e-05
[-0.761,-0.756]	[2.186,2.193]	1.373e-04
[-0.737,-0.732]	[1.461,1.467]	4.798e-06
[-0.688,-0.683]	[1.575,1.581]	7.917e-06
[-0.688,-0.683]	[2.186,2.193]	1.374e-04
[-0.654,-0.649]	[2.029,2.035]	6.590e-05
[-0.654,-0.649]	[2.167,2.174]	1.248e-04
[-0.629,-0.624]	[1.997,2.003]	5.565e-05
[-0.620,-0.615]	[1.461,1.467]	4.769e-06
[-0.561,-0.556]	[2.647,2.653]	1.161e-03
[-0.551,-0.546]	[1.795,1.802]	2.452e-05
[-0.546,-0.541]	[1.783,1.789]	2.115e-05
[-0.498,-0.493]	[1.909,1.915]	3.786e-05
[-0.488,-0.483]	[1.568,1.575]	7.959e-06
[-0.420,-0.415]	[1.858,1.865]	6.181e-06
[-0.283,-0.278]	[1.612,1.619]	9.384e-06
[-0.263,-0.259]	[1.770,1.776]	2.878e-06
[-0.215,-0.210]	[1.707,1.713]	1.511e-05
[-0.200,-0.195]	[2.035,2.041]	6.675e-05
[-0.180,-0.176]	[2.136,2.142]	1.078e-04
[-0.156,-0.151]	[1.884,1.890]	4.236e-05
[-0.151,-0.146]	[1.890,1.896]	3.467e-05
[0.049,0.054]	[2.193,2.199]	1.442e-04
[0.112,0.117]	[1.575,1.581]	7.890e-06
[0.112,0.117]	[1.726,1.732]	1.613e-05
[0.117,0.122]	[1.795,1.802]	2.257e-05
[0.283,0.288]	[1.821,1.827]	2.953e-05
[0.317,0.322]	[1.846,1.852]	2.779e-05
[0.371,0.376]	[1.852,1.858]	2.899e-05
[0.537,0.541]	[1.858,1.865]	3.009e-05
[0.546,0.551]	[1.852,1.858]	2.932e-05
[0.590,0.595]	[1.985,1.991]	5.514e-05
[0.605,0.610]	[1.795,1.802]	2.276e-05
[0.668,0.673]	[1.713,1.720]	1.494e-05

logEreco = [1.51 - 1.63], cosZreco = [-0.62_-0.50]
cos(zenith)	log10(E/GeV)	Aeff (m^2)
[-0.966,-0.961]	[1.373,1.379]	1.485e-07
[-0.961,-0.956]	[1.732,1.739]	1.666e-05
[-0.907,-0.902]	[1.436,1.442]	4.153e-06
[-0.873,-0.868]	[1.934,1.940]	4.384e-05
[-0.873,-0.868]	[1.947,1.953]	1.308e-05
[-0.844,-0.839]	[1.928,1.934]	1.116e-05
[-0.800,-0.795]	[2.313,2.319]	2.393e-04
[-0.776,-0.771]	[2.111,2.117]	1.548e-04
[-0.688,-0.683]	[1.776,1.783]	2.074e-05
[-0.678,-0.673]	[2.533,2.540]	6.639e-04
[-0.639,-0.634]	[2.067,2.073]	7.944e-05
[-0.551,-0.546]	[1.966,1.972]	5.074e-05
[-0.478,-0.473]	[1.713,1.720]	1.553e-05
[-0.468,-0.463]	[1.549,1.556]	7.033e-06
[-0.459,-0.454]	[2.155,2.161]	1.191e-04
[-0.449,-0.444]	[2.085,2.092]	4.257e-05
[-0.439,-0.434]	[1.846,1.852]	2.811e-05
[-0.380,-0.376]	[2.167,2.174]	1.245e-04
[-0.380,-0.376]	[2.338,2.344]	2.807e-04
[-0.371,-0.366]	[2.016,2.022]	6.242e-05
[-0.356,-0.351]	[1.997,2.003]	5.900e-05
[-0.259,-0.254]	[1.732,1.739]	1.638e-05
[-0.039,-0.034]	[2.142,2.149]	1.793e-04
[0.122,0.127]	[1.871,1.877]	3.095e-05
[0.146,0.151]	[2.035,2.041]	9.761e-05
[0.288,0.293]	[1.997,2.003]	5.901e-05
[0.302,0.307]	[2.085,2.092]	8.580e-05
[0.444,0.449]	[2.035,2.041]	9.863e-05

logEreco = [1.63 - 1.75], cosZreco = [-0.62_-0.50]
cos(zenith)	log10(E/GeV)	Aeff (m^2)
[-0.966,-0.961]	[2.256,2.262]	1.862e-04
[-0.956,-0.951]	[1.776,1.783]	2.017e-05
[-0.951,-0.946]	[2.363,2.369]	3.054e-04
[-0.898,-0.893]	[2.174,2.180]	1.304e-04
[-0.859,-0.854]	[1.770,1.776]	2.924e-06
[-0.849,-0.844]	[2.300,2.306]	2.285e-04
[-0.785,-0.780]	[1.802,1.808]	2.253e-05
[-0.780,-0.776]	[2.256,2.262]	1.878e-04
[-0.751,-0.746]	[2.281,2.287]	2.163e-04
[-0.722,-0.717]	[1.739,1.745]	2.306e-06
[-0.615,-0.610]	[1.776,1.783]	2.049e-05
[-0.566,-0.561]	[2.016,2.022]	6.206e-05
[-0.522,-0.517]	[2.167,2.174]	1.241e-04
[-0.517,-0.512]	[1.985,1.991]	7.326e-05
[-0.400,-0.395]	[2.849,2.855]	2.899e-03
[-0.307,-0.302]	[2.268,2.275]	2.029e-04
[-0.298,-0.293]	[1.985,1.991]	7.461e-05
[-0.259,-0.254]	[1.619,1.625]	9.865e-06
[-0.015,-0.010]	[1.833,1.839]	3.086e-05
[0.000,0.005]	[2.294,2.300]	2.265e-04
[0.156,0.161]	[2.167,2.174]	1.265e-04
[0.312,0.317]	[1.959,1.966]	6.355e-05
[0.332,0.337]	[2.098,2.104]	8.925e-05
[0.410,0.415]	[1.903,1.909]	3.752e-05
[0.898,0.902]	[2.104,2.111]	9.318e-05
[0.951,0.956]	[1.802,1.808]	2.280e-05

logEreco = [0.80 - 0.92], cosZreco = [-0.50_-0.38]
cos(zenith)	log10(E/GeV)	Aeff (m^2)
[-0.771,-0.766]	[1.663,1.669]	1.230e-05
[-0.746,-0.741]	[1.644,1.650]	1.123e-05
[-0.693,-0.688]	[0.755,0.761]	6.865e-09
[-0.434,-0.429]	[1.461,1.467]	2.313e-07
[0.371,0.376]	[1.423,1.430]	3.929e-06
[0.390,0.395]	[1.543,1.549]	6.969e-06

logEreco = [0.92 - 1.04], cosZreco = [-0.50_-0.38]
cos(zenith)	log10(E/GeV)	Aeff (m^2)
[-0.971,-0.966]	[1.505,1.512]	5.864e-06
[-0.839,-0.834]	[1.593,1.600]	8.762e-06
[-0.815,-0.810]	[1.985,1.991]	5.454e-05
[-0.776,-0.771]	[1.120,1.127]	3.943e-08
[-0.751,-0.746]	[1.057,1.064]	2.896e-08
[-0.717,-0.712]	[0.774,0.780]	2.134e-07
[-0.673,-0.668]	[1.512,1.518]	3.213e-07
[-0.644,-0.639]	[1.240,1.247]	7.432e-08
[-0.610,-0.605]	[0.893,0.900]	1.915e-07
[-0.522,-0.517]	[1.392,1.398]	3.448e-06
[-0.517,-0.512]	[1.266,1.272]	1.225e-06
[-0.410,-0.405]	[1.083,1.089]	8.460e-07
[-0.341,-0.337]	[1.732,1.739]	1.680e-05
[-0.317,-0.312]	[2.060,2.067]	7.638e-05
[-0.151,-0.146]	[1.600,1.606]	8.538e-06
[-0.054,-0.049]	[1.467,1.474]	4.978e-06
[0.146,0.151]	[1.133,1.139]	4.314e-08
[0.244,0.249]	[1.316,1.322]	1.081e-07
[0.298,0.302]	[1.575,1.581]	7.916e-06

logEreco = [1.04 - 1.16], cosZreco = [-0.50_-0.38]
cos(zenith)	log10(E/GeV)	Aeff (m^2)
[-0.985,-0.980]	[1.625,1.631]	1.021e-05
[-0.898,-0.893]	[1.644,1.650]	1.056e-05
[-0.888,-0.883]	[0.975,0.982]	5.196e-07
[-0.888,-0.883]	[1.366,1.373]	2.327e-06
[-0.834,-0.829]	[1.556,1.562]	7.369e-06
[-0.805,-0.800]	[1.266,1.272]	1.922e-06
[-0.771,-0.766]	[1.379,1.385]	3.343e-06
[-0.746,-0.741]	[1.474,1.480]	3.738e-06
[-0.737,-0.732]	[1.524,1.530]	6.311e-06
[-0.727,-0.722]	[1.518,1.524]	6.138e-06
[-0.698,-0.693]	[1.322,1.329]	2.537e-06
[-0.678,-0.673]	[1.455,1.461]	4.552e-06
[-0.649,-0.644]	[2.357,2.363]	2.978e-04
[-0.644,-0.639]	[1.745,1.751]	1.836e-05
[-0.634,-0.629]	[1.316,1.322]	2.485e-06
[-0.595,-0.590]	[1.392,1.398]	3.505e-06
[-0.537,-0.532]	[1.612,1.619]	8.901e-06
[-0.527,-0.522]	[1.903,1.909]	3.736e-05
[-0.483,-0.478]	[1.770,1.776]	1.941e-05
[-0.434,-0.429]	[1.518,1.524]	3.405e-07
[-0.424,-0.420]	[1.171,1.177]	5.197e-08
[-0.366,-0.361]	[2.104,2.111]	1.448e-04
[-0.302,-0.298]	[1.644,1.650]	1.092e-05
[-0.263,-0.259]	[1.612,1.619]	9.413e-06
[-0.122,-0.117]	[1.310,1.316]	2.383e-06
[-0.073,-0.068]	[1.291,1.297]	1.338e-06
[-0.059,-0.054]	[1.675,1.682]	1.299e-05
[-0.049,-0.044]	[1.928,1.934]	4.126e-05
[0.000,0.005]	[1.669,1.675]	1.251e-05
[0.034,0.039]	[1.871,1.877]	3.135e-05
[0.146,0.151]	[0.994,1.001]	1.991e-08
[0.210,0.215]	[1.335,1.341]	1.198e-07

logEreco = [1.16 - 1.27], cosZreco = [-0.50_-0.38]
cos(zenith)	log10(E/GeV)	Aeff (m^2)
[-0.956,-0.951]	[1.259,1.266]	1.200e-06
[-0.956,-0.951]	[2.521,2.527]	6.348e-04
[-0.927,-0.922]	[1.266,1.272]	1.982e-06
[-0.927,-0.922]	[1.530,1.537]	4.060e-07
[-0.917,-0.912]	[1.184,1.190]	5.589e-08
[-0.912,-0.907]	[1.593,1.600]	8.712e-06
[-0.878,-0.873]	[1.745,1.751]	1.751e-05
[-0.810,-0.805]	[1.934,1.940]	4.417e-05
[-0.727,-0.722]	[1.997,2.003]	8.037e-05
[-0.688,-0.683]	[1.947,1.953]	4.475e-05
[-0.629,-0.624]	[1.751,1.757]	1.807e-05
[-0.600,-0.595]	[1.448,1.455]	4.605e-06
[-0.595,-0.590]	[1.556,1.562]	4.646e-07
[-0.444,-0.439]	[1.909,1.915]	3.828e-05
[-0.434,-0.429]	[1.833,1.839]	2.659e-05
[-0.415,-0.410]	[1.398,1.404]	3.573e-06
[-0.356,-0.351]	[1.959,1.966]	4.817e-05
[-0.249,-0.244]	[1.663,1.669]	1.232e-05
[-0.244,-0.239]	[1.587,1.593]	8.483e-06
[-0.244,-0.239]	[2.085,2.092]	8.486e-05
[-0.195,-0.190]	[1.537,1.543]	6.797e-06
[-0.195,-0.190]	[2.231,2.237]	3.005e-04
[-0.190,-0.185]	[1.436,1.442]	2.085e-07
[-0.117,-0.112]	[1.947,1.953]	5.798e-05
[-0.098,-0.093]	[1.266,1.272]	8.681e-08
[0.005,0.010]	[1.896,1.903]	3.586e-05
[0.010,0.015]	[1.411,1.417]	2.738e-06
[0.034,0.039]	[1.373,1.379]	1.488e-07
[0.102,0.107]	[1.537,1.543]	5.844e-06
[0.156,0.161]	[1.322,1.329]	2.534e-06
[0.210,0.215]	[1.505,1.512]	4.777e-06
[0.220,0.224]	[1.120,1.127]	9.902e-07
[0.293,0.298]	[1.474,1.480]	5.007e-06
[0.502,0.507]	[1.713,1.720]	1.543e-05
[0.595,0.600]	[1.657,1.663]	1.188e-05
[0.732,0.737]	[1.934,1.940]	4.402e-05
[0.868,0.873]	[1.493,1.499]	4.570e-06
[0.873,0.878]	[1.694,1.701]	1.401e-05

logEreco = [1.27 - 1.39], cosZreco = [-0.50_-0.38]
cos(zenith)	log10(E/GeV)	Aeff (m^2)
[-0.995,-0.990]	[1.694,1.701]	1.491e-06
[-0.956,-0.951]	[1.581,1.587]	8.244e-06
[-0.941,-0.937]	[1.915,1.921]	3.842e-05
[-0.917,-0.912]	[1.928,1.934]	5.320e-05
[-0.893,-0.888]	[1.423,1.430]	1.904e-07
[-0.888,-0.883]	[1.348,1.354]	1.294e-07
[-0.834,-0.829]	[1.675,1.682]	1.391e-06
[-0.810,-0.805]	[1.720,1.726]	1.563e-05
[-0.805,-0.800]	[2.035,2.041]	6.767e-05
[-0.795,-0.790]	[1.694,1.701]	1.422e-05
[-0.776,-0.771]	[1.802,1.808]	2.328e-05
[-0.727,-0.722]	[1.827,1.833]	2.609e-05
[-0.722,-0.717]	[1.972,1.978]	5.105e-05
[-0.702,-0.698]	[1.726,1.732]	1.725e-05
[-0.698,-0.693]	[1.751,1.757]	1.804e-05
[-0.659,-0.654]	[1.650,1.657]	1.078e-06
[-0.585,-0.580]	[1.694,1.701]	1.391e-05
[-0.580,-0.576]	[1.430,1.436]	2.024e-07
[-0.561,-0.556]	[1.392,1.398]	3.448e-06
[-0.556,-0.551]	[1.657,1.663]	1.186e-05
[-0.541,-0.537]	[2.552,2.558]	7.416e-04
[-0.488,-0.483]	[1.593,1.600]	8.904e-06
[-0.420,-0.415]	[2.104,2.111]	9.472e-05
[-0.405,-0.400]	[1.839,1.846]	2.759e-05
[-0.366,-0.361]	[1.436,1.442]	1.995e-07
[-0.244,-0.239]	[1.839,1.846]	2.748e-05
[-0.229,-0.224]	[2.117,2.123]	9.959e-05
[-0.195,-0.190]	[1.726,1.732]	1.586e-05
[-0.088,-0.083]	[1.978,1.985]	5.147e-05
[-0.083,-0.078]	[1.045,1.051]	7.022e-07
[-0.063,-0.059]	[1.865,1.871]	3.077e-05
[-0.034,-0.029]	[2.117,2.123]	9.997e-05
[0.141,0.146]	[1.966,1.972]	6.824e-05
[0.176,0.180]	[2.048,2.054]	7.248e-05
[0.234,0.239]	[1.644,1.650]	1.117e-05
[0.254,0.259]	[1.423,1.430]	4.021e-06
[0.263,0.268]	[1.833,1.839]	5.048e-06
[0.298,0.302]	[1.354,1.360]	2.900e-06
[0.502,0.507]	[1.732,1.739]	1.669e-05
[0.800,0.805]	[1.562,1.568]	6.809e-06
[0.907,0.912]	[2.048,2.054]	1.101e-04

logEreco = [1.39 - 1.51], cosZreco = [-0.50_-0.38]
cos(zenith)	log10(E/GeV)	Aeff (m^2)
[-0.980,-0.976]	[1.631,1.638]	1.044e-05
[-0.971,-0.966]	[1.757,1.764]	1.893e-05
[-0.966,-0.961]	[1.682,1.688]	1.419e-06
[-0.956,-0.951]	[1.852,1.858]	5.859e-06
[-0.941,-0.937]	[1.707,1.713]	1.494e-05
[-0.927,-0.922]	[1.921,1.928]	5.246e-05
[-0.907,-0.902]	[2.016,2.022]	6.304e-05
[-0.902,-0.898]	[2.167,2.174]	1.241e-04
[-0.839,-0.834]	[1.858,1.865]	2.979e-05
[-0.834,-0.829]	[1.726,1.732]	1.740e-05
[-0.810,-0.805]	[1.915,1.921]	3.848e-05
[-0.800,-0.795]	[2.079,2.085]	8.466e-05
[-0.795,-0.790]	[1.518,1.524]	4.821e-06
[-0.780,-0.776]	[1.852,1.858]	2.926e-05
[-0.756,-0.751]	[2.199,2.205]	1.480e-04
[-0.732,-0.727]	[1.587,1.593]	8.393e-06
[-0.727,-0.722]	[1.947,1.953]	5.813e-05
[-0.722,-0.717]	[1.934,1.940]	4.431e-05
[-0.717,-0.712]	[2.231,2.237]	1.671e-04
[-0.688,-0.683]	[1.789,1.795]	2.170e-05
[-0.673,-0.668]	[1.593,1.600]	6.612e-07
[-0.644,-0.639]	[1.606,1.612]	9.154e-06
[-0.634,-0.629]	[1.474,1.480]	4.965e-06
[-0.615,-0.610]	[1.934,1.940]	4.388e-05
[-0.600,-0.595]	[1.657,1.663]	1.131e-06
[-0.585,-0.580]	[1.669,1.675]	1.283e-06
[-0.551,-0.546]	[1.903,1.909]	9.069e-06
[-0.532,-0.527]	[1.808,1.814]	4.190e-06
[-0.512,-0.507]	[1.404,1.411]	1.722e-07
[-0.473,-0.468]	[2.104,2.111]	9.468e-05
[-0.459,-0.454]	[1.909,1.915]	3.872e-05
[-0.449,-0.444]	[1.398,1.404]	3.579e-06
[-0.444,-0.439]	[1.814,1.821]	2.414e-05
[-0.366,-0.361]	[1.713,1.720]	1.509e-05
[-0.278,-0.273]	[1.732,1.739]	1.774e-05
[-0.224,-0.220]	[1.663,1.669]	1.217e-05
[-0.117,-0.112]	[1.903,1.909]	4.628e-05
[0.151,0.156]	[2.224,2.231]	1.672e-04
[0.215,0.220]	[1.657,1.663]	1.098e-05
[0.288,0.293]	[1.959,1.966]	4.843e-05
[0.351,0.356]	[2.174,2.180]	2.223e-04
[0.356,0.361]	[1.625,1.631]	1.008e-05
[0.405,0.410]	[1.694,1.701]	1.391e-05
[0.415,0.420]	[2.243,2.249]	3.327e-04
[0.698,0.702]	[2.130,2.136]	1.668e-04
[0.859,0.863]	[1.619,1.625]	8.378e-07
[0.859,0.863]	[1.896,1.903]	4.439e-05
[0.961,0.966]	[2.054,2.060]	7.604e-05

logEreco = [1.51 - 1.63], cosZreco = [-0.50_-0.38]
cos(zenith)	log10(E/GeV)	Aeff (m^2)
[-0.990,-0.985]	[2.212,2.218]	1.556e-04
[-0.971,-0.966]	[1.821,1.827]	2.459e-05
[-0.971,-0.966]	[2.445,2.451]	4.500e-04
[-0.946,-0.941]	[1.619,1.625]	8.225e-07
[-0.927,-0.922]	[1.499,1.505]	4.525e-06
[-0.907,-0.902]	[1.814,1.821]	2.465e-05
[-0.907,-0.902]	[1.871,1.877]	3.792e-05
[-0.883,-0.878]	[1.707,1.713]	1.483e-05
[-0.878,-0.873]	[1.593,1.600]	8.701e-06
[-0.868,-0.863]	[1.959,1.966]	4.825e-05
[-0.795,-0.790]	[2.123,2.130]	1.041e-04
[-0.776,-0.771]	[2.117,2.123]	9.890e-05
[-0.766,-0.761]	[1.940,1.947]	4.380e-05
[-0.722,-0.717]	[1.852,1.858]	2.832e-05
[-0.693,-0.688]	[1.587,1.593]	7.387e-06
[-0.678,-0.673]	[1.865,1.871]	3.108e-05
[-0.668,-0.663]	[2.420,2.426]	4.023e-04
[-0.654,-0.649]	[1.612,1.619]	9.605e-06
[-0.649,-0.644]	[1.732,1.739]	1.777e-05
[-0.629,-0.624]	[1.688,1.694]	1.346e-05
[-0.629,-0.624]	[1.713,1.720]	1.511e-05
[-0.624,-0.620]	[1.789,1.795]	2.136e-05
[-0.585,-0.580]	[2.048,2.054]	1.043e-04
[-0.580,-0.576]	[2.010,2.016]	5.928e-05
[-0.434,-0.429]	[1.940,1.947]	4.406e-05
[-0.366,-0.361]	[1.953,1.959]	4.790e-05
[-0.346,-0.341]	[1.764,1.770]	1.891e-05
[-0.307,-0.302]	[2.477,2.483]	5.208e-04
[-0.268,-0.263]	[1.663,1.669]	1.188e-05
[-0.249,-0.244]	[2.104,2.111]	9.509e-05
[-0.190,-0.185]	[2.035,2.041]	7.081e-05
[-0.156,-0.151]	[1.581,1.587]	8.128e-06
[-0.137,-0.132]	[2.016,2.022]	6.268e-05
[0.112,0.117]	[2.262,2.268]	1.954e-04
[0.166,0.171]	[1.915,1.921]	4.833e-05
[0.180,0.185]	[2.420,2.426]	4.107e-04
[0.210,0.215]	[1.846,1.852]	3.322e-05
[0.615,0.620]	[1.903,1.909]	3.825e-05
[0.756,0.761]	[1.953,1.959]	4.755e-05
[0.829,0.834]	[1.865,1.871]	3.027e-05

logEreco = [1.63 - 1.75], cosZreco = [-0.50_-0.38]
cos(zenith)	log10(E/GeV)	Aeff (m^2)
[-1.000,-0.995]	[1.953,1.959]	4.773e-05
[-0.990,-0.985]	[1.802,1.808]	2.327e-05
[-0.976,-0.971]	[2.149,2.155]	1.140e-04
[-0.971,-0.966]	[2.092,2.098]	8.814e-05
[-0.966,-0.961]	[1.789,1.795]	2.204e-05
[-0.941,-0.937]	[1.991,1.997]	7.696e-05
[-0.927,-0.922]	[2.243,2.249]	1.790e-04
[-0.922,-0.917]	[2.180,2.186]	1.362e-04
[-0.922,-0.917]	[2.249,2.256]	1.872e-04
[-0.917,-0.912]	[1.814,1.821]	2.732e-05
[-0.902,-0.898]	[2.458,2.464]	4.746e-04
[-0.863,-0.859]	[1.959,1.966]	4.823e-05
[-0.863,-0.859]	[2.123,2.130]	1.655e-04
[-0.854,-0.849]	[2.338,2.344]	2.702e-04
[-0.805,-0.800]	[1.997,2.003]	5.802e-05
[-0.805,-0.800]	[2.098,2.104]	9.353e-05
[-0.780,-0.776]	[2.659,2.666]	1.208e-03
[-0.741,-0.737]	[2.130,2.136]	1.039e-04
[-0.727,-0.722]	[2.212,2.218]	1.543e-04
[-0.727,-0.722]	[2.710,2.716]	4.867e-03
[-0.707,-0.702]	[2.502,2.508]	5.941e-04
[-0.693,-0.688]	[2.231,2.237]	1.662e-04
[-0.693,-0.688]	[2.268,2.275]	3.831e-04
[-0.659,-0.654]	[1.789,1.795]	3.386e-06
[-0.620,-0.615]	[2.041,2.048]	1.018e-04
[-0.527,-0.522]	[2.117,2.123]	1.003e-04
[-0.507,-0.502]	[2.161,2.167]	1.244e-04
[-0.502,-0.498]	[1.953,1.959]	4.764e-05
[-0.478,-0.473]	[2.079,2.085]	8.446e-05
[-0.473,-0.468]	[1.764,1.770]	1.936e-05
[-0.444,-0.439]	[1.663,1.669]	1.217e-05
[-0.434,-0.429]	[1.631,1.638]	1.045e-05
[-0.361,-0.356]	[1.392,1.398]	1.645e-07
[-0.327,-0.322]	[1.915,1.921]	3.830e-05
[-0.293,-0.288]	[1.871,1.877]	3.814e-05
[-0.195,-0.190]	[2.489,2.495]	5.580e-04
[-0.098,-0.093]	[2.483,2.489]	5.327e-04
[-0.093,-0.088]	[1.953,1.959]	4.795e-05
[-0.078,-0.073]	[1.581,1.587]	8.161e-06
[-0.020,-0.015]	[2.634,2.640]	1.073e-03
[0.005,0.010]	[2.085,2.092]	8.454e-05
[0.049,0.054]	[2.212,2.218]	1.550e-04
[0.054,0.059]	[1.877,1.884]	3.325e-05
[0.068,0.073]	[2.111,2.117]	9.749e-05
[0.132,0.137]	[2.067,2.073]	1.175e-04
[0.171,0.176]	[2.445,2.451]	1.042e-03
[0.200,0.205]	[2.111,2.117]	9.762e-05
[0.244,0.249]	[2.830,2.836]	9.385e-03
[0.493,0.498]	[1.928,1.934]	5.249e-05

logEreco = [0.80 - 0.92], cosZreco = [-0.38_-0.25]
cos(zenith)	log10(E/GeV)	Aeff (m^2)
[-0.751,-0.746]	[0.975,0.982]	5.162e-07
[-0.693,-0.688]	[1.600,1.606]	8.402e-06
[-0.122,-0.117]	[1.587,1.593]	8.650e-06
[0.229,0.234]	[1.890,1.896]	3.391e-05
[0.298,0.302]	[1.032,1.038]	6.793e-07
[0.307,0.312]	[1.297,1.303]	1.363e-06

logEreco = [0.92 - 1.04], cosZreco = [-0.38_-0.25]
cos(zenith)	log10(E/GeV)	Aeff (m^2)
[-0.868,-0.863]	[1.720,1.726]	1.604e-05
[-0.780,-0.776]	[1.657,1.663]	1.185e-05
[-0.761,-0.756]	[1.556,1.562]	6.081e-06
[-0.629,-0.624]	[1.026,1.032]	3.472e-07
[-0.605,-0.600]	[1.190,1.196]	5.666e-08
[-0.405,-0.400]	[1.158,1.165]	1.209e-06
[-0.390,-0.385]	[2.464,2.470]	4.924e-04
[-0.239,-0.234]	[1.234,1.240]	1.709e-06
[-0.083,-0.078]	[1.455,1.461]	4.661e-06
[0.005,0.010]	[1.871,1.877]	3.203e-05
[0.059,0.063]	[1.575,1.581]	7.297e-06
[0.332,0.337]	[1.991,1.997]	7.664e-05
[0.468,0.473]	[1.448,1.455]	2.131e-07
[0.639,0.644]	[1.726,1.732]	1.612e-05

logEreco = [1.04 - 1.16], cosZreco = [-0.38_-0.25]
cos(zenith)	log10(E/GeV)	Aeff (m^2)
[-0.980,-0.976]	[1.858,1.865]	3.018e-05
[-0.976,-0.971]	[1.467,1.474]	4.844e-06
[-0.971,-0.966]	[2.464,2.470]	4.813e-04
[-0.961,-0.956]	[1.480,1.486]	2.763e-07
[-0.849,-0.844]	[1.795,1.802]	2.425e-05
[-0.820,-0.815]	[1.789,1.795]	2.354e-05
[-0.805,-0.800]	[1.638,1.644]	1.089e-05
[-0.800,-0.795]	[1.366,1.373]	3.128e-06
[-0.795,-0.790]	[1.152,1.158]	1.151e-06
[-0.776,-0.771]	[1.959,1.966]	4.852e-05
[-0.741,-0.737]	[1.190,1.196]	1.372e-06
[-0.678,-0.673]	[1.953,1.959]	1.400e-05
[-0.624,-0.620]	[1.341,1.348]	2.782e-06
[-0.624,-0.620]	[1.934,1.940]	4.371e-05
[-0.590,-0.585]	[1.202,1.209]	1.478e-06
[-0.551,-0.546]	[1.209,1.215]	6.389e-08
[-0.527,-0.522]	[1.593,1.600]	7.592e-06
[-0.434,-0.429]	[1.783,1.789]	2.369e-05
[-0.395,-0.390]	[1.329,1.335]	1.809e-06
[-0.351,-0.346]	[1.379,1.385]	1.516e-07
[-0.322,-0.317]	[1.322,1.329]	1.758e-06
[-0.288,-0.283]	[1.020,1.026]	2.422e-08
[-0.249,-0.244]	[1.663,1.669]	1.195e-05
[-0.234,-0.229]	[1.928,1.934]	4.140e-05
[-0.205,-0.200]	[1.133,1.139]	4.346e-08
[-0.190,-0.185]	[1.089,1.095]	4.512e-07
[-0.180,-0.176]	[1.606,1.612]	7.769e-07
[-0.180,-0.176]	[1.871,1.877]	3.186e-05
[-0.117,-0.112]	[1.215,1.221]	8.660e-07
[-0.073,-0.068]	[1.064,1.070]	7.711e-07
[-0.059,-0.054]	[1.518,1.524]	6.114e-06
[-0.020,-0.015]	[1.543,1.549]	6.932e-06
[0.005,0.010]	[1.675,1.682]	1.304e-05
[0.078,0.083]	[1.972,1.978]	5.082e-05
[0.083,0.088]	[1.366,1.373]	3.141e-06
[0.171,0.176]	[1.991,1.997]	7.488e-05
[0.205,0.210]	[1.776,1.783]	2.310e-05
[0.302,0.307]	[1.518,1.524]	4.866e-06
[0.595,0.600]	[1.133,1.139]	6.641e-07

logEreco = [1.16 - 1.27], cosZreco = [-0.38_-0.25]
cos(zenith)	log10(E/GeV)	Aeff (m^2)
[-0.990,-0.985]	[1.757,1.764]	1.835e-05
[-0.927,-0.922]	[1.266,1.272]	8.720e-08
[-0.907,-0.902]	[1.366,1.373]	1.461e-07
[-0.859,-0.854]	[1.852,1.858]	2.857e-05
[-0.859,-0.854]	[2.060,2.067]	1.126e-04
[-0.829,-0.824]	[1.284,1.291]	2.091e-06
[-0.815,-0.810]	[1.858,1.865]	3.036e-05
[-0.805,-0.800]	[1.701,1.707]	1.437e-05
[-0.771,-0.766]	[1.184,1.190]	1.335e-06
[-0.766,-0.761]	[1.638,1.644]	1.096e-05
[-0.746,-0.741]	[1.392,1.398]	3.559e-06
[-0.683,-0.678]	[1.417,1.423]	1.886e-07
[-0.678,-0.673]	[1.259,1.266]	1.878e-06
[-0.551,-0.546]	[1.146,1.152]	6.885e-07
[-0.488,-0.483]	[1.745,1.751]	1.793e-05
[-0.429,-0.424]	[1.549,1.556]	4.678e-07
[-0.424,-0.420]	[1.827,1.833]	2.616e-05
[-0.415,-0.410]	[1.474,1.480]	2.474e-07
[-0.415,-0.410]	[1.549,1.556]	5.913e-06
[-0.400,-0.395]	[1.537,1.543]	6.654e-06
[-0.371,-0.366]	[2.470,2.477]	5.028e-04
[-0.346,-0.341]	[1.896,1.903]	3.527e-05
[-0.341,-0.337]	[1.953,1.959]	4.813e-05
[-0.244,-0.239]	[1.783,1.789]	2.312e-05
[-0.190,-0.185]	[1.657,1.663]	1.147e-05
[-0.146,-0.141]	[1.619,1.625]	9.693e-06
[-0.141,-0.137]	[1.783,1.789]	2.125e-05
[-0.068,-0.063]	[1.316,1.322]	1.093e-07
[-0.059,-0.054]	[1.606,1.612]	9.070e-06
[-0.015,-0.010]	[1.379,1.385]	3.247e-06
[0.000,0.005]	[1.802,1.808]	2.309e-05
[0.034,0.039]	[1.997,2.003]	8.052e-05
[0.068,0.073]	[1.701,1.707]	1.468e-05
[0.088,0.093]	[1.240,1.247]	1.777e-06
[0.195,0.200]	[1.202,1.209]	6.321e-08
[0.215,0.220]	[1.688,1.694]	1.377e-05
[0.229,0.234]	[1.701,1.707]	1.425e-05
[0.244,0.249]	[1.297,1.303]	1.011e-07
[0.380,0.385]	[1.385,1.392]	3.395e-06
[0.473,0.478]	[1.562,1.568]	7.679e-06
[0.512,0.517]	[1.556,1.562]	7.293e-06
[0.532,0.537]	[1.474,1.480]	5.028e-06
[0.883,0.888]	[2.338,2.344]	2.795e-04

logEreco = [1.27 - 1.39], cosZreco = [-0.38_-0.25]
cos(zenith)	log10(E/GeV)	Aeff (m^2)
[-0.995,-0.990]	[1.877,1.884]	3.305e-05
[-0.985,-0.980]	[2.193,2.199]	2.427e-04
[-0.922,-0.917]	[1.562,1.568]	7.455e-06
[-0.898,-0.893]	[1.297,1.303]	2.292e-06
[-0.898,-0.893]	[1.732,1.739]	2.162e-06
[-0.883,-0.878]	[1.348,1.354]	2.863e-06
[-0.863,-0.859]	[1.751,1.757]	1.985e-05
[-0.849,-0.844]	[2.130,2.136]	1.086e-04
[-0.844,-0.839]	[1.259,1.266]	8.366e-08
[-0.839,-0.834]	[1.562,1.568]	6.965e-06
[-0.820,-0.815]	[1.657,1.663]	1.186e-05
[-0.805,-0.800]	[1.480,1.486]	4.345e-06
[-0.785,-0.780]	[2.035,2.041]	7.062e-05
[-0.776,-0.771]	[1.675,1.682]	1.255e-05
[-0.761,-0.756]	[1.972,1.978]	5.104e-05
[-0.751,-0.746]	[2.073,2.079]	7.971e-05
[-0.717,-0.712]	[1.436,1.442]	3.296e-06
[-0.717,-0.712]	[1.619,1.625]	9.981e-06
[-0.683,-0.678]	[1.657,1.663]	1.130e-05
[-0.663,-0.659]	[1.234,1.240]	1.664e-06
[-0.649,-0.644]	[2.035,2.041]	6.686e-05
[-0.629,-0.624]	[1.404,1.411]	3.621e-06
[-0.590,-0.585]	[1.190,1.196]	5.666e-08
[-0.576,-0.571]	[1.512,1.518]	3.310e-07
[-0.541,-0.537]	[1.663,1.669]	1.116e-05
[-0.527,-0.522]	[1.139,1.146]	1.112e-06
[-0.527,-0.522]	[2.092,2.098]	8.988e-05
[-0.502,-0.498]	[1.821,1.827]	2.550e-05
[-0.498,-0.493]	[1.322,1.329]	2.584e-06
[-0.498,-0.493]	[2.085,2.092]	8.471e-05
[-0.483,-0.478]	[1.619,1.625]	9.675e-06
[-0.439,-0.434]	[1.417,1.423]	3.968e-06
[-0.390,-0.385]	[1.764,1.770]	1.909e-05
[-0.322,-0.317]	[2.067,2.073]	7.979e-05
[-0.317,-0.312]	[1.877,1.884]	4.177e-05
[-0.254,-0.249]	[1.398,1.404]	1.721e-07
[-0.254,-0.249]	[1.524,1.530]	6.478e-06
[-0.190,-0.185]	[1.959,1.966]	4.848e-05
[-0.054,-0.049]	[1.934,1.940]	4.174e-05
[-0.010,-0.005]	[1.455,1.461]	3.614e-06
[0.088,0.093]	[1.871,1.877]	3.796e-05
[0.102,0.107]	[1.827,1.833]	4.836e-06
[0.151,0.156]	[1.568,1.575]	7.983e-06
[0.332,0.337]	[1.486,1.493]	5.436e-06
[0.400,0.405]	[1.701,1.707]	1.734e-06
[0.600,0.605]	[1.530,1.537]	6.670e-06
[0.629,0.634]	[1.543,1.549]	5.961e-06
[0.663,0.668]	[2.243,2.249]	1.751e-04
[0.678,0.683]	[2.041,2.048]	7.086e-05

logEreco = [1.39 - 1.51], cosZreco = [-0.38_-0.25]
cos(zenith)	log10(E/GeV)	Aeff (m^2)
[-0.995,-0.990]	[1.985,1.991]	5.444e-05
[-0.995,-0.990]	[2.281,2.287]	2.104e-04
[-0.990,-0.985]	[2.338,2.344]	2.693e-04
[-0.980,-0.976]	[2.489,2.495]	5.444e-04
[-0.971,-0.966]	[1.720,1.726]	1.558e-05
[-0.966,-0.961]	[1.877,1.884]	3.904e-05
[-0.961,-0.956]	[2.117,2.123]	9.973e-05
[-0.956,-0.951]	[2.697,2.704]	4.460e-03
[-0.951,-0.946]	[1.707,1.713]	1.806e-06
[-0.907,-0.902]	[1.530,1.537]	6.415e-06
[-0.883,-0.878]	[2.073,2.079]	7.968e-05
[-0.805,-0.800]	[2.237,2.243]	1.719e-04
[-0.776,-0.771]	[2.956,2.962]	4.569e-03
[-0.751,-0.746]	[1.802,1.808]	2.335e-05
[-0.707,-0.702]	[2.186,2.193]	1.355e-04
[-0.702,-0.698]	[1.448,1.455]	4.598e-06
[-0.688,-0.683]	[1.745,1.751]	1.740e-05
[-0.688,-0.683]	[2.130,2.136]	1.033e-04
[-0.673,-0.668]	[1.985,1.991]	5.460e-05
[-0.659,-0.654]	[1.928,1.934]	1.101e-05
[-0.654,-0.649]	[1.833,1.839]	2.637e-05
[-0.634,-0.629]	[1.997,2.003]	5.859e-05
[-0.624,-0.620]	[1.940,1.947]	5.798e-05
[-0.595,-0.590]	[1.493,1.499]	5.503e-06
[-0.561,-0.556]	[1.688,1.694]	1.365e-05
[-0.546,-0.541]	[2.010,2.016]	5.935e-05
[-0.522,-0.517]	[1.776,1.783]	2.040e-05
[-0.473,-0.468]	[1.808,1.814]	2.334e-05
[-0.449,-0.444]	[2.073,2.079]	8.012e-05
[-0.429,-0.424]	[2.136,2.142]	1.105e-04
[-0.415,-0.410]	[2.016,2.022]	6.356e-05
[-0.346,-0.341]	[1.726,1.732]	1.609e-05
[-0.332,-0.327]	[1.713,1.720]	1.534e-05
[-0.293,-0.288]	[2.079,2.085]	3.998e-05
[-0.283,-0.278]	[2.155,2.161]	1.181e-04
[-0.234,-0.229]	[2.092,2.098]	8.902e-05
[-0.137,-0.132]	[2.470,2.477]	5.071e-04
[-0.054,-0.049]	[1.814,1.821]	2.452e-05
[0.034,0.039]	[1.852,1.858]	3.395e-05
[0.063,0.068]	[1.921,1.928]	4.064e-05
[0.234,0.239]	[2.413,2.420]	3.890e-04
[0.395,0.400]	[1.871,1.877]	3.150e-05
[0.420,0.424]	[2.010,2.016]	8.812e-05
[0.454,0.459]	[2.798,2.804]	8.004e-03
[0.502,0.507]	[1.985,1.991]	5.534e-05
[0.532,0.537]	[1.776,1.783]	2.078e-05
[0.556,0.561]	[2.369,2.376]	3.129e-04
[0.561,0.566]	[2.275,2.281]	2.024e-04
[0.702,0.707]	[2.161,2.167]	1.213e-04
[0.941,0.946]	[1.694,1.701]	1.375e-05

logEreco = [1.51 - 1.63], cosZreco = [-0.38_-0.25]
cos(zenith)	log10(E/GeV)	Aeff (m^2)
[-0.980,-0.976]	[1.625,1.631]	8.672e-07
[-0.951,-0.946]	[1.833,1.839]	3.098e-05
[-0.941,-0.937]	[2.149,2.155]	1.150e-04
[-0.893,-0.888]	[1.675,1.682]	1.261e-05
[-0.873,-0.868]	[2.502,2.508]	5.738e-04
[-0.844,-0.839]	[2.338,2.344]	5.679e-04
[-0.780,-0.776]	[1.934,1.940]	4.439e-05
[-0.741,-0.737]	[2.558,2.565]	7.414e-04
[-0.712,-0.707]	[1.593,1.600]	8.621e-06
[-0.702,-0.698]	[1.726,1.732]	1.592e-05
[-0.683,-0.678]	[2.350,2.357]	2.904e-04
[-0.668,-0.663]	[1.625,1.631]	9.919e-06
[-0.668,-0.663]	[2.571,2.577]	8.187e-04
[-0.663,-0.659]	[2.060,2.067]	7.641e-05
[-0.644,-0.639]	[1.871,1.877]	3.147e-05
[-0.595,-0.590]	[1.814,1.821]	2.446e-05
[-0.551,-0.546]	[2.212,2.218]	1.545e-04
[-0.498,-0.493]	[1.739,1.745]	1.680e-05
[-0.483,-0.478]	[1.890,1.896]	3.400e-05
[-0.463,-0.459]	[1.928,1.934]	5.283e-05
[-0.459,-0.454]	[2.035,2.041]	9.845e-05
[-0.444,-0.439]	[2.142,2.149]	1.145e-04
[-0.410,-0.405]	[1.808,1.814]	2.337e-05
[-0.371,-0.366]	[1.411,1.417]	1.758e-07
[-0.337,-0.332]	[2.388,2.395]	3.513e-04
[-0.283,-0.278]	[1.455,1.461]	2.268e-07
[-0.200,-0.195]	[1.833,1.839]	2.701e-05
[-0.200,-0.195]	[2.085,2.092]	8.819e-05
[-0.195,-0.190]	[1.789,1.795]	3.519e-06
[-0.185,-0.180]	[2.130,2.136]	1.054e-04
[-0.176,-0.171]	[1.757,1.764]	1.860e-05
[-0.146,-0.141]	[1.915,1.921]	9.738e-06
[-0.127,-0.122]	[1.978,1.985]	7.128e-05
[-0.063,-0.059]	[2.073,2.079]	8.015e-05
[-0.029,-0.024]	[2.010,2.016]	8.731e-05
[0.063,0.068]	[1.802,1.808]	2.277e-05
[0.083,0.088]	[2.357,2.363]	6.262e-04
[0.146,0.151]	[2.262,2.268]	1.938e-04
[0.259,0.263]	[2.041,2.048]	1.017e-04
[0.263,0.268]	[2.085,2.092]	8.463e-05
[0.454,0.459]	[1.921,1.928]	1.080e-05
[0.512,0.517]	[2.199,2.205]	1.490e-04
[0.693,0.698]	[1.808,1.814]	4.050e-06
[0.956,0.961]	[1.959,1.966]	4.839e-05

logEreco = [1.63 - 1.75], cosZreco = [-0.38_-0.25]
cos(zenith)	log10(E/GeV)	Aeff (m^2)
[-0.980,-0.976]	[1.713,1.720]	1.544e-05
[-0.961,-0.956]	[1.619,1.625]	9.007e-06
[-0.961,-0.956]	[2.590,2.596]	8.872e-04
[-0.937,-0.932]	[2.193,2.199]	1.405e-04
[-0.927,-0.922]	[1.732,1.739]	1.659e-05
[-0.907,-0.902]	[2.111,2.117]	9.433e-05
[-0.824,-0.820]	[2.477,2.483]	5.305e-04
[-0.761,-0.756]	[2.224,2.231]	3.007e-04
[-0.688,-0.683]	[2.117,2.123]	9.978e-05
[-0.678,-0.673]	[1.720,1.726]	1.557e-05
[-0.571,-0.566]	[2.231,2.237]	3.019e-04
[-0.420,-0.415]	[2.142,2.149]	6.636e-05
[-0.400,-0.395]	[1.726,1.732]	1.638e-05
[-0.380,-0.376]	[2.180,2.186]	1.318e-04
[-0.356,-0.351]	[2.243,2.249]	1.748e-04
[-0.278,-0.273]	[2.130,2.136]	1.038e-04
[-0.249,-0.244]	[1.839,1.846]	2.759e-05
[-0.244,-0.239]	[2.231,2.237]	3.000e-04
[-0.195,-0.190]	[2.149,2.155]	1.154e-04
[-0.127,-0.122]	[1.884,1.890]	4.188e-05
[-0.127,-0.122]	[2.262,2.268]	1.969e-04
[-0.122,-0.117]	[2.401,2.407]	3.684e-04
[-0.059,-0.054]	[2.262,2.268]	1.970e-04
[-0.049,-0.044]	[1.915,1.921]	4.906e-05
[0.039,0.044]	[1.934,1.940]	4.381e-05
[0.083,0.088]	[2.432,2.439]	4.341e-04
[0.141,0.146]	[1.739,1.745]	1.682e-05
[0.161,0.166]	[1.985,1.991]	5.427e-05
[0.278,0.283]	[2.243,2.249]	1.811e-04
[0.351,0.356]	[2.003,2.010]	5.987e-05
[0.463,0.468]	[2.445,2.451]	4.530e-04
[0.615,0.620]	[2.275,2.281]	2.017e-04
[0.746,0.751]	[2.325,2.331]	2.616e-04

logEreco = [0.80 - 0.92], cosZreco = [-0.25_-0.12]
cos(zenith)	log10(E/GeV)	Aeff (m^2)
[-0.039,-0.034]	[1.795,1.802]	2.248e-05
[0.278,0.283]	[1.600,1.606]	9.199e-06

logEreco = [0.92 - 1.04], cosZreco = [-0.25_-0.12]
cos(zenith)	log10(E/GeV)	Aeff (m^2)
[-0.917,-0.912]	[1.329,1.335]	2.571e-06
[-0.810,-0.805]	[1.284,1.291]	2.157e-06
[-0.722,-0.717]	[1.385,1.392]	3.337e-06
[-0.654,-0.649]	[0.849,0.856]	1.083e-08
[-0.624,-0.620]	[1.442,1.448]	4.418e-06
[-0.546,-0.541]	[1.587,1.593]	8.660e-06
[-0.512,-0.507]	[1.694,1.701]	1.496e-06
[-0.502,-0.498]	[1.448,1.455]	4.490e-06
[-0.463,-0.459]	[1.196,1.202]	1.412e-06
[-0.459,-0.454]	[0.969,0.975]	5.117e-07
[-0.180,-0.176]	[1.600,1.606]	8.418e-06
[0.039,0.044]	[1.493,1.499]	5.466e-06
[0.337,0.341]	[1.240,1.247]	1.147e-06
[0.620,0.624]	[1.575,1.581]	8.196e-06

logEreco = [1.04 - 1.16], cosZreco = [-0.25_-0.12]
cos(zenith)	log10(E/GeV)	Aeff (m^2)
[-0.976,-0.971]	[1.985,1.991]	5.427e-05
[-0.922,-0.917]	[1.612,1.619]	8.035e-07
[-0.859,-0.854]	[1.770,1.776]	2.099e-05
[-0.849,-0.844]	[1.499,1.505]	3.090e-07
[-0.776,-0.771]	[1.266,1.272]	1.925e-06
[-0.634,-0.629]	[1.467,1.474]	3.688e-06
[-0.620,-0.615]	[1.461,1.467]	4.668e-06
[-0.498,-0.493]	[1.442,1.448]	4.337e-06
[-0.483,-0.478]	[1.505,1.512]	3.143e-07
[-0.424,-0.420]	[1.530,1.537]	6.517e-06
[-0.410,-0.405]	[1.114,1.120]	3.905e-08
[-0.390,-0.385]	[1.297,1.303]	2.220e-06
[-0.380,-0.376]	[1.316,1.322]	1.685e-06
[-0.376,-0.371]	[1.568,1.575]	7.715e-06
[-0.366,-0.361]	[1.120,1.127]	9.971e-07
[-0.346,-0.341]	[1.612,1.619]	9.488e-06
[-0.341,-0.337]	[1.234,1.240]	1.661e-06
[-0.317,-0.312]	[1.625,1.631]	9.103e-06
[-0.249,-0.244]	[1.461,1.467]	3.688e-06
[-0.054,-0.049]	[1.417,1.423]	1.891e-07
[-0.020,-0.015]	[1.360,1.366]	2.968e-06
[0.063,0.068]	[1.612,1.619]	9.765e-06
[0.161,0.166]	[1.985,1.991]	5.543e-05
[0.249,0.254]	[1.404,1.411]	3.615e-06
[0.273,0.278]	[1.600,1.606]	9.165e-06
[0.663,0.668]	[1.694,1.701]	1.391e-05
[0.737,0.741]	[1.972,1.978]	5.175e-05
[0.898,0.902]	[1.682,1.688]	1.323e-05

logEreco = [1.16 - 1.27], cosZreco = [-0.25_-0.12]
cos(zenith)	log10(E/GeV)	Aeff (m^2)
[-1.000,-0.995]	[1.448,1.455]	4.530e-06
[-0.956,-0.951]	[1.593,1.600]	8.739e-06
[-0.956,-0.951]	[2.426,2.432]	4.075e-04
[-0.927,-0.922]	[1.600,1.606]	7.626e-07
[-0.873,-0.868]	[1.474,1.480]	3.751e-06
[-0.863,-0.859]	[1.726,1.732]	1.642e-05
[-0.815,-0.810]	[1.543,1.549]	6.974e-06
[-0.785,-0.780]	[1.442,1.448]	4.415e-06
[-0.717,-0.712]	[1.259,1.266]	1.863e-06
[-0.668,-0.663]	[1.505,1.512]	3.181e-07
[-0.615,-0.610]	[1.373,1.379]	1.448e-07
[-0.610,-0.605]	[1.215,1.221]	8.617e-07
[-0.590,-0.585]	[1.385,1.392]	1.583e-07
[-0.585,-0.580]	[1.284,1.291]	2.113e-06
[-0.522,-0.517]	[2.817,2.823]	2.503e-03
[-0.507,-0.502]	[1.739,1.745]	1.728e-05
[-0.483,-0.478]	[1.398,1.404]	3.637e-06
[-0.468,-0.463]	[1.486,1.493]	2.883e-07
[-0.444,-0.439]	[1.404,1.411]	2.688e-06
[-0.434,-0.429]	[1.814,1.821]	2.449e-05
[-0.400,-0.395]	[1.650,1.657]	1.083e-06
[-0.322,-0.317]	[1.341,1.348]	2.718e-06
[-0.244,-0.239]	[1.802,1.808]	3.863e-06
[-0.234,-0.229]	[1.795,1.802]	2.277e-05
[-0.117,-0.112]	[1.512,1.518]	5.976e-06
[-0.029,-0.024]	[2.111,2.117]	1.482e-04
[-0.015,-0.010]	[1.354,1.360]	1.954e-06
[0.010,0.015]	[1.442,1.448]	2.089e-07
[0.049,0.054]	[2.325,2.331]	2.564e-04
[0.190,0.195]	[1.247,1.253]	1.826e-06
[0.220,0.224]	[2.167,2.174]	1.252e-04
[0.249,0.254]	[1.253,1.259]	1.822e-06
[0.283,0.288]	[1.291,1.297]	1.344e-06
[0.307,0.312]	[1.354,1.360]	2.924e-06
[0.371,0.376]	[1.688,1.694]	1.337e-05
[0.385,0.390]	[1.417,1.423]	1.846e-07
[0.439,0.444]	[1.253,1.259]	1.820e-06
[0.488,0.493]	[1.726,1.732]	1.589e-05
[0.498,0.502]	[1.720,1.726]	1.574e-05
[0.522,0.527]	[1.291,1.297]	1.345e-06
[0.571,0.576]	[1.966,1.972]	5.118e-05
[0.673,0.678]	[1.524,1.530]	6.337e-06
[0.888,0.893]	[2.741,2.748]	1.727e-03

logEreco = [1.27 - 1.39], cosZreco = [-0.25_-0.12]
cos(zenith)	log10(E/GeV)	Aeff (m^2)
[-0.961,-0.956]	[1.568,1.575]	7.803e-06
[-0.898,-0.893]	[1.846,1.852]	2.803e-05
[-0.893,-0.888]	[1.322,1.329]	1.718e-06
[-0.844,-0.839]	[2.073,2.079]	8.357e-05
[-0.834,-0.829]	[2.073,2.079]	7.999e-05
[-0.795,-0.790]	[0.950,0.956]	4.659e-07
[-0.741,-0.737]	[1.638,1.644]	1.056e-05
[-0.717,-0.712]	[1.499,1.505]	5.788e-06
[-0.610,-0.605]	[1.638,1.644]	1.076e-05
[-0.590,-0.585]	[2.748,2.754]	1.834e-03
[-0.576,-0.571]	[2.041,2.048]	7.091e-05
[-0.566,-0.561]	[1.903,1.909]	3.746e-05
[-0.541,-0.537]	[1.726,1.732]	1.640e-05
[-0.512,-0.507]	[1.537,1.543]	6.899e-06
[-0.434,-0.429]	[1.631,1.638]	8.874e-07
[-0.380,-0.376]	[1.770,1.776]	1.972e-05
[-0.371,-0.366]	[2.319,2.325]	2.541e-04
[-0.351,-0.346]	[1.461,1.467]	4.758e-06
[-0.346,-0.341]	[1.802,1.808]	3.939e-06
[-0.278,-0.273]	[2.275,2.281]	2.031e-04
[-0.273,-0.268]	[1.947,1.953]	4.464e-05
[-0.220,-0.215]	[1.474,1.480]	4.274e-06
[-0.200,-0.195]	[1.215,1.221]	1.573e-06
[-0.200,-0.195]	[1.858,1.865]	3.513e-05
[-0.190,-0.185]	[2.029,2.035]	6.653e-05
[-0.166,-0.161]	[2.136,2.142]	1.084e-04
[-0.156,-0.151]	[1.606,1.612]	9.408e-06
[-0.156,-0.151]	[2.338,2.344]	2.739e-04
[-0.146,-0.141]	[1.461,1.467]	2.306e-07
[-0.073,-0.068]	[1.625,1.631]	8.497e-07
[-0.039,-0.034]	[2.218,2.224]	1.600e-04
[0.015,0.020]	[1.568,1.575]	7.683e-06
[0.020,0.024]	[1.694,1.701]	1.420e-05
[0.029,0.034]	[1.606,1.612]	9.409e-06
[0.127,0.132]	[1.493,1.499]	3.001e-07
[0.132,0.137]	[2.357,2.363]	2.961e-04
[0.176,0.180]	[1.947,1.953]	5.967e-05
[0.249,0.254]	[2.451,2.458]	4.661e-04
[0.488,0.493]	[1.947,1.953]	4.492e-05
[0.502,0.507]	[1.839,1.846]	5.191e-06
[0.532,0.537]	[1.808,1.814]	2.331e-05
[0.620,0.624]	[1.474,1.480]	5.124e-06
[0.776,0.780]	[2.003,2.010]	8.338e-05
[0.829,0.834]	[2.868,2.874]	3.084e-03
[0.844,0.849]	[2.167,2.174]	1.262e-04
[0.893,0.898]	[1.928,1.934]	4.136e-05

logEreco = [1.39 - 1.51], cosZreco = [-0.25_-0.12]
cos(zenith)	log10(E/GeV)	Aeff (m^2)
[-0.951,-0.946]	[1.726,1.732]	1.639e-05
[-0.937,-0.932]	[1.631,1.638]	1.046e-05
[-0.932,-0.927]	[1.726,1.732]	1.628e-05
[-0.922,-0.917]	[1.940,1.947]	1.241e-05
[-0.922,-0.917]	[2.041,2.048]	6.997e-05
[-0.859,-0.854]	[1.436,1.442]	2.014e-07
[-0.824,-0.820]	[1.556,1.562]	6.175e-06
[-0.820,-0.815]	[1.959,1.966]	4.867e-05
[-0.790,-0.785]	[1.991,1.997]	5.481e-05
[-0.776,-0.771]	[1.802,1.808]	2.251e-05
[-0.741,-0.737]	[1.518,1.524]	6.233e-06
[-0.512,-0.507]	[2.615,2.622]	9.947e-04
[-0.439,-0.434]	[1.921,1.928]	4.131e-05
[-0.434,-0.429]	[1.669,1.675]	1.235e-05
[-0.400,-0.395]	[2.111,2.117]	9.436e-05
[-0.346,-0.341]	[1.713,1.720]	1.544e-05
[-0.327,-0.322]	[2.167,2.174]	1.268e-04
[-0.317,-0.312]	[2.142,2.149]	1.850e-04
[-0.312,-0.307]	[1.833,1.839]	2.707e-05
[-0.298,-0.293]	[1.745,1.751]	1.738e-05
[-0.283,-0.278]	[1.865,1.871]	3.040e-05
[-0.249,-0.244]	[2.054,2.060]	7.428e-05
[-0.220,-0.215]	[1.600,1.606]	7.590e-07
[-0.215,-0.210]	[1.436,1.442]	3.336e-06
[-0.200,-0.195]	[2.331,2.338]	2.644e-04
[-0.185,-0.180]	[1.877,1.884]	3.274e-05
[-0.156,-0.151]	[2.022,2.029]	8.989e-05
[-0.141,-0.137]	[1.783,1.789]	2.128e-05
[-0.137,-0.132]	[1.814,1.821]	2.467e-05
[-0.068,-0.063]	[1.909,1.915]	3.819e-05
[-0.063,-0.059]	[1.556,1.562]	6.179e-06
[0.000,0.005]	[2.300,2.306]	2.288e-04
[0.054,0.059]	[1.827,1.833]	2.585e-05
[0.068,0.073]	[1.764,1.770]	2.097e-05
[0.098,0.102]	[1.776,1.783]	2.073e-05
[0.151,0.156]	[1.360,1.366]	1.962e-06
[0.185,0.190]	[2.218,2.224]	1.601e-04
[0.205,0.210]	[2.035,2.041]	6.757e-05
[0.224,0.229]	[1.783,1.789]	2.066e-05
[0.283,0.288]	[1.707,1.713]	1.514e-05
[0.332,0.337]	[1.903,1.909]	4.591e-05
[0.498,0.502]	[1.991,1.997]	5.619e-05
[0.663,0.668]	[1.877,1.884]	3.287e-05
[0.683,0.688]	[1.556,1.562]	7.284e-06
[0.693,0.698]	[2.161,2.167]	1.201e-04
[0.849,0.854]	[1.940,1.947]	4.510e-05
[0.859,0.863]	[2.041,2.048]	7.010e-05

logEreco = [1.51 - 1.63], cosZreco = [-0.25_-0.12]
cos(zenith)	log10(E/GeV)	Aeff (m^2)
[-1.000,-0.995]	[1.959,1.966]	4.811e-05
[-0.951,-0.946]	[1.575,1.581]	7.931e-06
[-0.922,-0.917]	[1.713,1.720]	1.542e-05
[-0.878,-0.873]	[1.814,1.821]	2.406e-05
[-0.854,-0.849]	[1.795,1.802]	2.228e-05
[-0.844,-0.839]	[2.294,2.300]	2.215e-04
[-0.839,-0.834]	[1.839,1.846]	2.683e-05
[-0.800,-0.795]	[1.928,1.934]	4.160e-05
[-0.785,-0.780]	[1.688,1.694]	1.365e-05
[-0.756,-0.751]	[2.558,2.565]	7.587e-04
[-0.722,-0.717]	[1.739,1.745]	2.243e-06
[-0.698,-0.693]	[1.562,1.568]	6.950e-06
[-0.688,-0.683]	[1.732,1.739]	1.680e-05
[-0.654,-0.649]	[2.268,2.275]	2.020e-04
[-0.624,-0.620]	[1.966,1.972]	4.815e-05
[-0.620,-0.615]	[1.903,1.909]	3.780e-05
[-0.580,-0.576]	[2.003,2.010]	5.874e-05
[-0.541,-0.537]	[1.732,1.739]	1.659e-05
[-0.493,-0.488]	[1.757,1.764]	2.650e-06
[-0.405,-0.400]	[1.814,1.821]	4.300e-06
[-0.395,-0.390]	[1.783,1.789]	2.102e-05
[-0.390,-0.385]	[2.710,2.716]	1.526e-03
[-0.302,-0.298]	[1.619,1.625]	1.003e-05
[-0.239,-0.234]	[1.764,1.770]	2.742e-06
[-0.224,-0.220]	[1.638,1.644]	1.014e-06
[-0.200,-0.195]	[2.275,2.281]	4.011e-04
[-0.088,-0.083]	[1.789,1.795]	2.205e-05
[-0.049,-0.044]	[1.688,1.694]	1.373e-05
[-0.020,-0.015]	[2.382,2.388]	3.353e-04
[0.063,0.068]	[2.079,2.085]	8.461e-05
[0.078,0.083]	[2.130,2.136]	1.700e-04
[0.083,0.088]	[2.155,2.161]	1.963e-04
[0.146,0.151]	[1.978,1.985]	5.197e-05
[0.220,0.224]	[2.022,2.029]	9.012e-05
[0.244,0.249]	[1.650,1.657]	1.066e-06
[0.288,0.293]	[1.575,1.581]	8.209e-06
[0.332,0.337]	[1.776,1.783]	2.071e-05
[0.390,0.395]	[2.313,2.319]	2.501e-04
[0.424,0.429]	[1.505,1.512]	5.761e-06
[0.449,0.454]	[1.739,1.745]	1.709e-05
[0.566,0.571]	[2.155,2.161]	1.974e-04
[0.590,0.595]	[1.556,1.562]	4.681e-07
[0.620,0.624]	[2.344,2.350]	2.797e-04
[0.663,0.668]	[1.966,1.972]	4.838e-05
[0.815,0.820]	[2.937,2.943]	4.359e-03
[0.907,0.912]	[2.155,2.161]	1.975e-04

logEreco = [1.63 - 1.75], cosZreco = [-0.25_-0.12]
cos(zenith)	log10(E/GeV)	Aeff (m^2)
[-0.941,-0.937]	[2.514,2.521]	1.367e-03
[-0.932,-0.927]	[2.268,2.275]	2.000e-04
[-0.912,-0.907]	[1.985,1.991]	5.498e-05
[-0.902,-0.898]	[1.751,1.757]	1.841e-05
[-0.863,-0.859]	[1.713,1.720]	1.496e-05
[-0.834,-0.829]	[2.193,2.199]	1.422e-04
[-0.824,-0.820]	[2.344,2.350]	2.892e-04
[-0.766,-0.761]	[2.426,2.432]	4.058e-04
[-0.756,-0.751]	[1.997,2.003]	5.822e-05
[-0.663,-0.659]	[2.212,2.218]	1.551e-04
[-0.644,-0.639]	[2.111,2.117]	9.465e-05
[-0.580,-0.576]	[2.388,2.395]	3.402e-04
[-0.571,-0.566]	[1.739,1.745]	1.743e-05
[-0.571,-0.566]	[2.262,2.268]	1.961e-04
[-0.483,-0.478]	[2.098,2.104]	9.008e-05
[-0.400,-0.395]	[1.928,1.934]	1.085e-05
[-0.385,-0.380]	[2.275,2.281]	2.097e-04
[-0.380,-0.376]	[1.972,1.978]	5.197e-05
[-0.307,-0.302]	[1.808,1.814]	2.339e-05
[-0.220,-0.215]	[2.130,2.136]	1.086e-04
[-0.210,-0.205]	[2.558,2.565]	7.543e-04
[-0.205,-0.200]	[1.739,1.745]	1.695e-05
[-0.156,-0.151]	[2.048,2.054]	7.490e-05
[-0.132,-0.127]	[1.549,1.556]	6.093e-06
[-0.127,-0.122]	[2.218,2.224]	1.610e-04
[-0.102,-0.098]	[2.672,2.678]	1.289e-03
[-0.098,-0.093]	[2.256,2.262]	1.862e-04
[-0.083,-0.078]	[2.022,2.029]	6.636e-05
[-0.059,-0.054]	[2.331,2.338]	2.655e-04
[0.098,0.102]	[2.363,2.369]	3.057e-04
[0.107,0.112]	[2.067,2.073]	7.942e-05
[0.176,0.180]	[1.966,1.972]	6.830e-05
[0.176,0.180]	[2.729,2.735]	1.650e-03
[0.205,0.210]	[2.514,2.521]	6.164e-04
[0.254,0.259]	[1.903,1.909]	3.780e-05
[0.332,0.337]	[1.783,1.789]	2.068e-05
[0.390,0.395]	[1.751,1.757]	1.857e-05
[0.459,0.463]	[2.085,2.092]	1.289e-04
[0.493,0.498]	[2.136,2.142]	1.096e-04
[0.551,0.556]	[2.161,2.167]	2.102e-04
[0.571,0.576]	[2.123,2.130]	1.035e-04
[0.829,0.834]	[2.016,2.022]	6.368e-05
[0.854,0.859]	[2.199,2.205]	1.424e-04

logEreco = [0.80 - 0.92], cosZreco = [-0.12_0.00]
cos(zenith)	log10(E/GeV)	Aeff (m^2)
[-0.849,-0.844]	[0.950,0.956]	4.627e-07
[0.244,0.249]	[0.862,0.868]	1.610e-07
[0.312,0.317]	[2.085,2.092]	8.582e-05

logEreco = [0.92 - 1.04], cosZreco = [-0.12_0.00]
cos(zenith)	log10(E/GeV)	Aeff (m^2)
[-0.980,-0.976]	[1.152,1.158]	6.923e-07
[-0.702,-0.698]	[1.228,1.234]	1.076e-06
[-0.498,-0.493]	[1.398,1.404]	2.608e-06
[-0.468,-0.463]	[1.070,1.076]	7.938e-07
[-0.278,-0.273]	[1.587,1.593]	8.569e-06
[-0.117,-0.112]	[1.057,1.064]	2.908e-08
[0.039,0.044]	[1.430,1.436]	1.970e-07
[0.146,0.151]	[1.865,1.871]	3.079e-05
[0.361,0.366]	[2.003,2.010]	5.957e-05
[0.493,0.498]	[1.411,1.417]	3.695e-06
[0.868,0.873]	[1.493,1.499]	2.983e-07

logEreco = [1.04 - 1.16], cosZreco = [-0.12_0.00]
cos(zenith)	log10(E/GeV)	Aeff (m^2)
[-1.000,-0.995]	[2.294,2.300]	2.306e-04
[-0.922,-0.917]	[1.165,1.171]	1.196e-06
[-0.820,-0.815]	[1.556,1.562]	7.528e-06
[-0.810,-0.805]	[1.694,1.701]	1.378e-05
[-0.498,-0.493]	[1.562,1.568]	7.447e-06
[-0.478,-0.473]	[1.764,1.770]	1.962e-05
[-0.112,-0.107]	[1.486,1.493]	4.443e-06
[-0.059,-0.054]	[1.549,1.556]	6.040e-06
[0.122,0.127]	[1.505,1.512]	5.877e-06
[0.141,0.146]	[1.209,1.215]	1.524e-06
[0.166,0.171]	[1.537,1.543]	6.776e-06
[0.468,0.473]	[1.467,1.474]	3.663e-06
[0.478,0.483]	[2.016,2.022]	6.279e-05
[0.493,0.498]	[1.329,1.335]	1.161e-07
[0.561,0.566]	[1.480,1.486]	5.184e-06
[0.922,0.927]	[1.814,1.821]	2.737e-05
[0.956,0.961]	[1.821,1.827]	2.552e-05

logEreco = [1.16 - 1.27], cosZreco = [-0.12_0.00]
cos(zenith)	log10(E/GeV)	Aeff (m^2)
[-0.951,-0.946]	[1.865,1.871]	3.784e-05
[-0.873,-0.868]	[2.199,2.205]	1.426e-04
[-0.820,-0.815]	[1.783,1.789]	2.070e-05
[-0.780,-0.776]	[1.259,1.266]	8.257e-08
[-0.678,-0.673]	[1.404,1.411]	2.607e-06
[-0.663,-0.659]	[1.871,1.877]	3.099e-05
[-0.610,-0.605]	[1.770,1.776]	1.968e-05
[-0.595,-0.590]	[1.486,1.493]	5.262e-06
[-0.566,-0.561]	[1.852,1.858]	2.917e-05
[-0.551,-0.546]	[1.392,1.398]	3.405e-06
[-0.483,-0.478]	[2.199,2.205]	1.424e-04
[-0.478,-0.473]	[1.783,1.789]	2.101e-05
[-0.176,-0.171]	[1.373,1.379]	1.460e-07
[-0.166,-0.161]	[1.436,1.442]	4.159e-06
[-0.088,-0.083]	[1.644,1.650]	1.134e-05
[-0.024,-0.020]	[1.499,1.505]	3.082e-07
[-0.020,-0.015]	[1.663,1.669]	1.189e-05
[0.044,0.049]	[1.959,1.966]	1.420e-05
[0.098,0.102]	[1.644,1.650]	1.097e-05
[0.137,0.141]	[2.281,2.287]	2.171e-04
[0.190,0.195]	[1.612,1.619]	8.797e-06
[0.390,0.395]	[2.243,2.249]	1.812e-04
[0.410,0.415]	[1.518,1.524]	6.154e-06
[0.556,0.561]	[2.041,2.048]	7.138e-05
[0.556,0.561]	[2.804,2.811]	2.334e-03
[0.624,0.629]	[1.682,1.688]	1.341e-05
[0.712,0.717]	[1.404,1.411]	3.636e-06
[0.732,0.737]	[2.256,2.262]	1.886e-04

logEreco = [1.27 - 1.39], cosZreco = [-0.12_0.00]
cos(zenith)	log10(E/GeV)	Aeff (m^2)
[-0.941,-0.937]	[1.467,1.474]	4.815e-06
[-0.922,-0.917]	[1.612,1.619]	9.603e-06
[-0.893,-0.888]	[1.909,1.915]	3.827e-05
[-0.795,-0.790]	[1.707,1.713]	1.484e-05
[-0.785,-0.780]	[1.303,1.310]	2.271e-06
[-0.668,-0.663]	[1.871,1.877]	3.180e-05
[-0.629,-0.624]	[1.095,1.102]	4.598e-07
[-0.629,-0.624]	[1.871,1.877]	3.117e-05
[-0.595,-0.590]	[1.423,1.430]	1.886e-07
[-0.522,-0.517]	[1.663,1.669]	1.209e-05
[-0.478,-0.473]	[1.852,1.858]	2.934e-05
[-0.449,-0.444]	[1.915,1.921]	4.085e-05
[-0.415,-0.410]	[1.486,1.493]	2.896e-07
[-0.371,-0.366]	[1.398,1.404]	3.651e-06
[-0.361,-0.356]	[2.155,2.161]	1.201e-04
[-0.259,-0.254]	[1.455,1.461]	4.691e-06
[-0.215,-0.210]	[1.360,1.366]	3.039e-06
[-0.200,-0.195]	[2.054,2.060]	7.456e-05
[-0.127,-0.122]	[2.054,2.060]	7.500e-05
[-0.024,-0.020]	[1.474,1.480]	5.122e-06
[0.000,0.005]	[1.593,1.600]	7.627e-06
[0.000,0.005]	[1.884,1.890]	3.278e-05
[0.044,0.049]	[1.644,1.650]	1.120e-05
[0.132,0.137]	[1.530,1.537]	6.563e-06
[0.137,0.141]	[2.237,2.243]	1.733e-04
[0.151,0.156]	[2.111,2.117]	9.910e-05
[0.215,0.220]	[1.865,1.871]	3.710e-05
[0.351,0.356]	[1.556,1.562]	4.856e-07
[0.400,0.405]	[2.136,2.142]	1.107e-04
[0.410,0.415]	[1.638,1.644]	1.057e-05
[0.634,0.639]	[1.827,1.833]	2.619e-05
[0.634,0.639]	[1.896,1.903]	3.487e-05
[0.663,0.668]	[1.745,1.751]	1.761e-05
[0.663,0.668]	[2.073,2.079]	8.055e-05
[0.727,0.732]	[1.827,1.833]	4.892e-06
[0.732,0.737]	[1.928,1.934]	4.126e-05
[0.985,0.990]	[1.751,1.757]	1.787e-05

logEreco = [1.39 - 1.51], cosZreco = [-0.12_0.00]
cos(zenith)	log10(E/GeV)	Aeff (m^2)
[-0.961,-0.956]	[1.991,1.997]	5.536e-05
[-0.922,-0.917]	[1.625,1.631]	1.004e-05
[-0.868,-0.863]	[1.512,1.518]	5.972e-06
[-0.863,-0.859]	[1.821,1.827]	2.527e-05
[-0.854,-0.849]	[1.612,1.619]	7.848e-07
[-0.824,-0.820]	[1.537,1.543]	5.663e-06
[-0.800,-0.795]	[1.675,1.682]	1.276e-05
[-0.707,-0.702]	[2.060,2.067]	7.909e-05
[-0.639,-0.634]	[1.562,1.568]	7.462e-06
[-0.517,-0.512]	[1.600,1.606]	9.191e-06
[-0.439,-0.434]	[1.493,1.499]	2.963e-07
[-0.405,-0.400]	[1.379,1.385]	3.220e-06
[-0.341,-0.337]	[2.325,2.331]	2.557e-04
[-0.332,-0.327]	[1.499,1.505]	5.550e-06
[-0.288,-0.283]	[1.600,1.606]	9.106e-06
[-0.210,-0.205]	[1.593,1.600]	8.615e-06
[-0.205,-0.200]	[1.795,1.802]	2.261e-05
[-0.171,-0.166]	[2.060,2.067]	1.184e-04
[-0.068,-0.063]	[1.682,1.688]	1.286e-05
[0.220,0.224]	[1.663,1.669]	1.235e-05
[0.298,0.302]	[1.802,1.808]	4.035e-06
[0.302,0.307]	[1.915,1.921]	4.079e-05
[0.385,0.390]	[1.884,1.890]	3.331e-05
[0.429,0.434]	[1.966,1.972]	6.842e-05
[0.454,0.459]	[1.688,1.694]	1.334e-05
[0.459,0.463]	[1.619,1.625]	9.664e-06
[0.459,0.463]	[1.808,1.814]	2.395e-05
[0.483,0.488]	[2.067,2.073]	3.560e-05
[0.488,0.493]	[1.663,1.669]	1.193e-05
[0.624,0.629]	[2.527,2.533]	6.564e-04
[0.639,0.644]	[2.016,2.022]	6.217e-05
[0.698,0.702]	[2.218,2.224]	1.559e-04
[0.902,0.907]	[2.331,2.338]	2.651e-04
[0.985,0.990]	[2.811,2.817]	2.451e-03

logEreco = [1.51 - 1.63], cosZreco = [-0.12_0.00]
cos(zenith)	log10(E/GeV)	Aeff (m^2)
[-0.971,-0.966]	[2.603,2.609]	9.462e-04
[-0.961,-0.956]	[1.600,1.606]	9.179e-06
[-0.956,-0.951]	[2.142,2.149]	1.137e-04
[-0.946,-0.941]	[1.776,1.783]	3.227e-06
[-0.854,-0.849]	[2.521,2.527]	6.511e-04
[-0.761,-0.756]	[2.590,2.596]	8.742e-04
[-0.644,-0.639]	[2.464,2.470]	4.990e-04
[-0.561,-0.556]	[1.789,1.795]	3.530e-06
[-0.546,-0.541]	[1.682,1.688]	1.328e-05
[-0.532,-0.527]	[1.650,1.657]	1.120e-05
[-0.473,-0.468]	[2.010,2.016]	6.233e-05
[-0.449,-0.444]	[2.092,2.098]	8.933e-05
[-0.390,-0.385]	[2.029,2.035]	6.710e-05
[-0.322,-0.317]	[1.663,1.669]	1.146e-06
[-0.317,-0.312]	[2.161,2.167]	1.254e-04
[-0.312,-0.307]	[1.675,1.682]	1.277e-05
[-0.244,-0.239]	[1.884,1.890]	4.201e-05
[-0.239,-0.234]	[2.022,2.029]	6.617e-05
[-0.229,-0.224]	[2.710,2.716]	1.501e-03
[-0.210,-0.205]	[1.985,1.991]	5.549e-05
[-0.205,-0.200]	[2.432,2.439]	4.225e-04
[-0.190,-0.185]	[1.884,1.890]	3.335e-05
[-0.190,-0.185]	[1.972,1.978]	1.604e-05
[-0.190,-0.185]	[1.978,1.985]	5.226e-05
[-0.166,-0.161]	[1.978,1.985]	5.465e-05
[-0.166,-0.161]	[2.041,2.048]	1.044e-04
[-0.141,-0.137]	[1.953,1.959]	4.792e-05
[-0.098,-0.093]	[1.335,1.341]	2.721e-06
[-0.063,-0.059]	[2.218,2.224]	1.558e-04
[-0.029,-0.024]	[2.407,2.413]	3.819e-04
[-0.005,0.000]	[1.638,1.644]	1.060e-05
[0.024,0.029]	[2.054,2.060]	1.108e-04
[0.102,0.107]	[2.029,2.035]	6.700e-05
[0.102,0.107]	[2.111,2.117]	9.762e-05
[0.117,0.122]	[1.739,1.745]	1.808e-05
[0.156,0.161]	[1.694,1.701]	1.380e-05
[0.224,0.229]	[1.499,1.505]	3.001e-07
[0.229,0.234]	[1.757,1.764]	1.861e-05
[0.302,0.307]	[1.865,1.871]	3.071e-05
[0.410,0.415]	[1.959,1.966]	6.443e-05
[0.424,0.429]	[2.186,2.193]	1.378e-04
[0.532,0.537]	[1.890,1.896]	3.531e-05
[0.649,0.654]	[2.249,2.256]	1.836e-04
[0.927,0.932]	[2.092,2.098]	1.349e-04
[0.976,0.980]	[2.117,2.123]	9.904e-05

logEreco = [1.63 - 1.75], cosZreco = [-0.12_0.00]
cos(zenith)	log10(E/GeV)	Aeff (m^2)
[-0.971,-0.966]	[2.868,2.874]	3.097e-03
[-0.883,-0.878]	[2.022,2.029]	8.984e-05
[-0.859,-0.854]	[2.344,2.350]	2.789e-04
[-0.849,-0.844]	[2.527,2.533]	6.628e-04
[-0.824,-0.820]	[2.174,2.180]	1.290e-04
[-0.771,-0.766]	[1.947,1.953]	1.278e-05
[-0.698,-0.693]	[2.237,2.243]	1.728e-04
[-0.673,-0.668]	[2.155,2.161]	1.193e-04
[-0.556,-0.551]	[2.167,2.174]	1.252e-04
[-0.512,-0.507]	[2.899,2.905]	3.683e-03
[-0.454,-0.449]	[2.470,2.477]	4.951e-04
[-0.410,-0.405]	[1.915,1.921]	4.903e-05
[-0.410,-0.405]	[2.344,2.350]	5.778e-04
[-0.371,-0.366]	[2.256,2.262]	1.882e-04
[-0.312,-0.307]	[1.821,1.827]	2.496e-05
[-0.307,-0.302]	[2.306,2.313]	2.416e-04
[-0.215,-0.210]	[2.079,2.085]	1.260e-04
[-0.190,-0.185]	[1.953,1.959]	1.412e-05
[-0.112,-0.107]	[1.751,1.757]	1.804e-05
[-0.073,-0.068]	[1.846,1.852]	2.781e-05
[-0.063,-0.059]	[1.966,1.972]	5.111e-05
[0.015,0.020]	[1.972,1.978]	6.944e-05
[0.102,0.107]	[2.823,2.830]	2.528e-03
[0.107,0.112]	[2.035,2.041]	1.025e-04
[0.156,0.161]	[1.966,1.972]	5.091e-05
[0.161,0.166]	[2.577,2.584]	2.188e-03
[0.215,0.220]	[1.606,1.612]	9.396e-06
[0.215,0.220]	[2.395,2.401]	3.644e-04
[0.307,0.312]	[1.732,1.739]	1.664e-05
[0.532,0.537]	[2.123,2.130]	1.032e-04
[0.907,0.912]	[2.514,2.521]	6.177e-04

